2048
0 3
3 5
8 7
15 7
22 7
29 5
34 6
40 8
48 7
55 7
62 6
68 3
71 4
75 9
84 6
90 5
95 5
100 7
107 9
116 9
125 6
131 8
139 7
146 6
152 5
157 4
161 5
166 5
171 8
179 8
187 4
191 6
197 9
206 10
216 6
222 5
227 5
232 5
237 5
242 4
246 8
254 5
259 6
265 7
272 6
278 9
287 7
294 3
297 6
303 11
314 6
320 4
324 5
329 9
338 6
344 5
349 4
353 6
359 4
363 7
370 4
374 4
378 8
386 6
392 7
399 5
404 5
409 7
416 9
425 8
433 6
439 3
442 5
447 8
455 4
459 6
465 7
472 6
478 7
485 9
494 7
501 4
505 3
508 5
513 5
518 4
522 3
525 6
531 6
537 5
542 6
548 8
556 4
560 6
566 5
571 5
576 4
580 6
586 7
593 6
599 7
606 4
610 10
620 2
622 3
625 5
630 6
636 6
642 6
648 11
659 5
664 10
674 3
677 4
681 6
687 12
699 7
706 7
713 5
718 4
722 8
730 6
736 11
747 5
752 5
757 2
759 4
763 10
773 5
778 4
782 4
786 6
792 6
798 8
806 5
811 4
815 7
822 3
825 6
831 6
837 10
847 4
851 5
856 3
859 8
867 5
872 7
879 8
887 7
894 5
899 9
908 9
917 6
923 5
928 6
934 6
940 9
949 5
954 8
962 8
970 9
979 6
985 8
993 5
998 3
1001 5
1006 5
1011 3
1014 10
1024 5
1029 6
1035 5
1040 11
1051 5
1056 8
1064 7
1071 5
1076 3
1079 6
1085 6
1091 8
1099 4
1103 4
1107 5
1112 9
1121 2
1123 9
1132 4
1136 4
1140 7
1147 5
1152 3
1155 8
1163 8
1171 4
1175 5
1180 9
1189 12
1201 8
1209 7
1216 4
1220 6
1226 4
1230 5
1235 5
1240 7
1247 2
1249 10
1259 4
1263 5
1268 4
1272 5
1277 5
1282 9
1291 7
1298 6
1304 11
1315 4
1319 7
1326 5
1331 5
1336 8
1344 3
1347 5
1352 5
1357 5
1362 10
1372 5
1377 6
1383 6
1389 4
1393 4
1397 5
1402 5
1407 4
1411 6
1417 6
1423 5
1428 13
1441 7
1448 7
1455 11
1466 3
1469 6
1475 5
1480 9
1489 3
1492 7
1499 10
1509 5
1514 6
1520 6
1526 7
1533 6
1539 6
1545 5
1550 5
1555 6
1561 5
1566 6
1572 7
1579 9
1588 6
1594 5
1599 5
1604 5
1609 7
1616 6
1622 8
1630 7
1637 8
1645 6
1651 5
1656 5
1661 8
1669 11
1680 4
1684 7
1691 5
1696 5
1701 8
1709 3
1712 5
1717 7
1724 10
1734 3
1737 4
1741 5
1746 6
1752 8
1760 6
1766 8
1774 6
1780 6
1786 8
1794 8
1802 6
1808 5
1813 4
1817 7
1824 9
1833 8
1841 9
1850 7
1857 4
1861 7
1868 5
1873 7
1880 3
1883 2
1885 7
1892 9
1901 5
1906 6
1912 3
1915 11
1926 9
1935 6
1941 5
1946 6
1952 4
1956 4
1960 7
1967 7
1974 6
1980 6
1986 8
1994 3
1997 5
2002 4
2006 6
2012 6
2018 11
2029 8
2037 5
2042 7
2049 7
2056 6
2062 6
2068 4
2072 4
2076 9
2085 5
2090 6
2096 9
2105 6
2111 5
2116 8
2124 4
2128 5
2133 5
2138 4
2142 4
2146 5
2151 2
2153 11
2164 7
2171 3
2174 4
2178 9
2187 6
2193 7
2200 4
2204 5
2209 6
2215 4
2219 9
2228 7
2235 5
2240 7
2247 3
2250 4
2254 4
2258 8
2266 6
2272 5
2277 5
2282 3
2285 5
2290 8
2298 6
2304 9
2313 7
2320 8
2328 6
2334 6
2340 6
2346 5
2351 6
2357 6
2363 7
2370 7
2377 5
2382 6
2388 8
2396 6
2402 6
2408 5
2413 8
2421 8
2429 6
2435 6
2441 8
2449 3
2452 7
2459 6
2465 6
2471 5
2476 8
2484 4
2488 10
2498 8
2506 9
2515 3
2518 5
2523 10
2533 8
2541 4
2545 4
2549 8
2557 9
2566 3
2569 4
2573 6
2579 6
2585 3
2588 6
2594 5
2599 4
2603 6
2609 3
2612 4
2616 5
2621 7
2628 5
2633 7
2640 6
2646 6
2652 3
2655 8
2663 7
2670 5
2675 6
2681 5
2686 4
2690 5
2695 6
2701 6
2707 6
2713 10
2723 6
2729 6
2735 7
2742 5
2747 4
2751 6
2757 3
2760 6
2766 5
2771 5
2776 5
2781 5
2786 6
2792 6
2798 5
2803 3
2806 9
2815 8
2823 7
2830 7
2837 5
2842 8
2850 5
2855 9
2864 6
2870 6
2876 5
2881 4
2885 6
2891 6
2897 2
2899 5
2904 7
2911 4
2915 3
2918 7
2925 5
2930 8
2938 12
2950 2
2952 7
2959 7
2966 8
2974 8
2982 6
2988 5
2993 4
2997 7
3004 6
3010 4
3014 6
3020 4
3024 6
3030 5
3035 4
3039 6
3045 8
3053 6
3059 10
3069 8
3077 3
3080 8
3088 6
3094 5
3099 6
3105 6
3111 7
3118 6
3124 4
3128 5
3133 7
3140 4
3144 8
3152 7
3159 8
3167 4
3171 3
3174 6
3180 7
3187 7
3194 5
3199 6
3205 5
3210 5
3215 5
3220 6
3226 7
3233 5
3238 4
3242 6
3248 7
3255 6
3261 8
3269 7
3276 4
3280 5
3285 7
3292 4
3296 8
3304 7
3311 3
3314 6
3320 5
3325 7
3332 6
3338 6
3344 12
3356 8
3364 6
3370 5
3375 7
3382 3
3385 8
3393 8
3401 3
3404 7
3411 5
3416 8
3424 7
3431 6
3437 6
3443 7
3450 4
3454 7
3461 6
3467 4
3471 4
3475 5
3480 9
3489 8
3497 7
3504 2
3506 6
3512 4
3516 9
3525 6
3531 6
3537 8
3545 6
3551 7
3558 5
3563 6
3569 7
3576 4
3580 3
3583 4
3587 5
3592 5
3597 5
3602 5
3607 6
3613 7
3620 6
3626 2
3628 4
3632 9
3641 3
3644 7
3651 7
3658 7
3665 6
3671 8
3679 12
3691 8
3699 7
3706 6
3712 5
3717 6
3723 6
3729 4
3733 5
3738 4
3742 6
3748 8
3756 6
3762 7
3769 5
3774 7
3781 6
3787 6
3793 4
3797 4
3801 4
3805 7
3812 6
3818 6
3824 5
3829 6
3835 6
3841 3
3844 10
3854 6
3860 5
3865 2
3867 3
3870 5
3875 8
3883 5
3888 2
3890 4
3894 5
3899 6
3905 5
3910 4
3914 4
3918 8
3926 6
3932 6
3938 5
3943 5
3948 7
3955 6
3961 3
3964 6
3970 7
3977 6
3983 6
3989 4
3993 7
4000 4
4004 6
4010 4
4014 6
4020 6
4026 9
4035 6
4041 5
4046 6
4052 5
4057 7
4064 8
4072 6
4078 8
4086 6
4092 4
4096 6
4102 4
4106 7
4113 7
4120 6
4126 6
4132 6
4138 4
4142 7
4149 6
4155 8
4163 5
4168 4
4172 7
4179 5
4184 6
4190 9
4199 4
4203 4
4207 4
4211 6
4217 8
4225 8
4233 5
4238 10
4248 5
4253 6
4259 7
4266 3
4269 7
4276 4
4280 3
4283 4
4287 7
4294 7
4301 5
4306 6
4312 12
4324 7
4331 9
4340 5
4345 6
4351 5
4356 4
4360 5
4365 6
4371 5
4376 4
4380 3
4383 3
4386 6
4392 4
4396 7
4403 4
4407 7
4414 10
4424 7
4431 5
4436 3
4439 6
4445 8
4453 9
4462 9
4471 6
4477 5
4482 4
4486 6
4492 6
4498 5
4503 9
4512 12
4524 4
4528 5
4533 5
4538 4
4542 8
4550 3
4553 8
4561 6
4567 5
4572 4
4576 10
4586 5
4591 6
4597 6
4603 4
4607 4
4611 3
4614 3
4617 9
4626 4
4630 7
4637 5
4642 4
4646 8
4654 8
4662 4
4666 10
4676 5
4681 4
4685 10
4695 5
4700 7
4707 7
4714 7
4721 9
4730 5
4735 10
4745 3
4748 6
4754 5
4759 5
4764 7
4771 5
4776 4
4780 6
4786 5
4791 7
4798 5
4803 6
4809 8
4817 7
4824 10
4834 5
4839 10
4849 4
4853 9
4862 7
4869 3
4872 7
4879 3
4882 5
4887 5
4892 5
4897 7
4904 4
4908 8
4916 7
4923 8
4931 7
4938 6
4944 6
4950 9
4959 7
4966 5
4971 4
4975 5
4980 4
4984 5
4989 3
4992 12
5004 6
5010 5
5015 5
5020 3
5023 8
5031 7
5038 5
5043 6
5049 5
5054 4
5058 7
5065 6
5071 6
5077 8
5085 8
5093 6
5099 6
5105 11
5116 6
5122 2
5124 8
5132 4
5136 7
5143 6
5149 5
5154 7
5161 5
5166 4
5170 8
5178 4
5182 4
5186 3
5189 3
5192 8
5200 4
5204 6
5210 4
5214 3
5217 7
5224 7
5231 4
5235 4
5239 7
5246 8
5254 8
5262 4
5266 4
5270 6
5276 6
5282 7
5289 7
5296 6
5302 5
5307 4
5311 7
5318 7
5325 6
5331 8
5339 4
5343 5
5348 5
5353 6
5359 9
5368 6
5374 9
5383 4
5387 5
5392 6
5398 10
5408 6
5414 5
5419 7
5426 8
5434 5
5439 10
5449 5
5454 6
5460 6
5466 6
5472 2
5474 6
5480 3
5483 7
5490 6
5496 6
5502 4
5506 7
5513 3
5516 7
5523 5
5528 7
5535 6
5541 4
5545 4
5549 3
5552 9
5561 7
5568 2
5570 6
5576 6
5582 2
5584 4
5588 4
5592 6
5598 4
5602 4
5606 5
5611 6
5617 6
5623 5
5628 12
5640 6
5646 5
5651 2
5653 4
5657 8
5665 7
5672 8
5680 8
5688 5
5693 6
5699 2
5701 7
5708 3
5711 8
5719 5
5724 4
5728 4
5732 9
5741 9
5750 4
5754 4
5758 5
5763 6
5769 6
5775 5
5780 3
5783 4
5787 11
5798 5
5803 7
5810 8
5818 4
5822 3
5825 5
5830 3
5833 6
5839 6
5845 10
5855 3
5858 5
5863 6
5869 4
5873 4
5877 6
5883 6
5889 5
5894 6
5900 8
5908 9
5917 4
5921 8
5929 3
5932 4
5936 3
5939 5
5944 6
5950 5
5955 5
5960 11
5971 4
5975 8
5983 6
5989 8
5997 3
6000 3
6003 5
6008 6
6014 3
6017 7
6024 6
6030 3
6033 10
6043 3
6046 3
6049 5
6054 5
6059 5
6064 6
6070 7
6077 11
6088 5
6093 7
6100 8
6108 6
6114 7
6121 10
6131 5
6136 3
6139 7
6146 8
6154 8
6162 4
6166 5
6171 6
6177 7
6184 6
6190 7
6197 4
6201 8
6209 5
6214 6
6220 8
6228 5
6233 7
6240 5
6245 6
6251 4
6255 7
6262 2
6264 4
6268 8
6276 8
6284 9
6293 5
6298 7
6305 6
6311 4
6315 6
6321 6
6327 6
6333 6
6339 5
6344 7
6351 8
6359 6
6365 6
6371 11
6382 4
6386 12
6398 3
6401 4
6405 7
6412 9
6421 8
6429 5
6434 6
6440 8
6448 7
6455 8
6463 3
6466 9
6475 4
6479 7
6486 5
6491 7
6498 6
6504 8
6512 3
6515 3
6518 5
6523 5
6528 5
6533 9
6542 7
6549 6
6555 7
6562 6
6568 6
6574 5
6579 5
6584 7
6591 9
6600 8
6608 8
6616 5
6621 3
6624 4
6628 8
6636 4
6640 3
6643 10
6653 7
6660 6
6666 6
6672 7
6679 6
6685 5
6690 5
6695 2
6697 4
6701 9
6710 6
6716 6
6722 6
6728 8
6736 6
6742 11
6753 4
6757 5
6762 6
6768 8
6776 4
6780 5
6785 5
6790 8
6798 5
6803 5
6808 4
6812 5
6817 4
6821 2
6823 4
6827 4
6831 6
6837 3
6840 9
6849 7
6856 8
6864 7
6871 3
6874 3
6877 4
6881 8
6889 7
6896 9
6905 8
6913 5
6918 5
6923 8
6931 6
6937 3
6940 5
6945 5
6950 5
6955 4
6959 11
6970 6
6976 4
6980 6
6986 6
6992 6
6998 5
7003 3
7006 5
7011 8
7019 6
7025 6
7031 10
7041 5
7046 4
7050 6
7056 5
7061 6
7067 2
7069 3
7072 6
7078 6
7084 6
7090 6
7096 7
7103 10
7113 5
7118 6
7124 7
7131 5
7136 3
7139 9
7148 6
7154 7
7161 7
7168 7
7175 4
7179 10
7189 6
7195 6
7201 5
7206 3
7209 6
7215 6
7221 7
7228 6
7234 9
7243 11
7254 6
7260 9
7269 6
7275 7
7282 7
7289 5
7294 9
7303 5
7308 6
7314 6
7320 8
7328 5
7333 6
7339 6
7345 5
7350 5
7355 5
7360 10
7370 8
7378 6
7384 6
7390 5
7395 8
7403 10
7413 5
7418 3
7421 8
7429 9
7438 7
7445 5
7450 6
7456 3
7459 4
7463 3
7466 9
7475 6
7481 5
7486 5
7491 9
7500 7
7507 5
7512 5
7517 6
7523 6
7529 6
7535 6
7541 3
7544 4
7548 7
7555 6
7561 10
7571 4
7575 7
7582 5
7587 5
7592 4
7596 8
7604 6
7610 9
7619 5
7624 8
7632 10
7642 7
7649 3
7652 6
7658 9
7667 5
7672 5
7677 7
7684 4
7688 4
7692 11
7703 6
7709 6
7715 2
7717 4
7721 7
7728 5
7733 8
7741 6
7747 4
7751 14
7765 5
7770 7
7777 9
7786 6
7792 10
7802 6
7808 8
7816 6
7822 4
7826 3
7829 8
7837 5
7842 6
7848 4
7852 6
7858 5
7863 5
7868 8
7876 5
7881 5
7886 3
7889 9
7898 5
7903 3
7906 7
7913 4
7917 12
7929 8
7937 8
7945 6
7951 6
7957 6
7963 5
7968 8
7976 6
7982 7
7989 9
7998 6
8004 6
8010 8
8018 5
8023 4
8027 10
8037 3
8040 6
8046 4
8050 6
8056 4
8060 8
8068 6
8074 5
8079 2
8081 2
8083 7
8090 5
8095 6
8101 5
8106 4
8110 8
8118 6
8124 7
8131 8
8139 6
8145 8
8153 4
8157 5
8162 3
8165 6
8171 5
8176 8
8184 5
8189 6
8195 3
8198 7
8205 6
8211 6
8217 3
8220 4
8224 5
8229 5
8234 4
8238 8
8246 5
8251 7
8258 7
8265 7
8272 8
8280 5
8285 5
8290 7
8297 7
8304 6
8310 4
8314 5
8319 6
8325 7
8332 8
8340 8
8348 5
8353 4
8357 3
8360 9
8369 6
8375 6
8381 5
8386 4
8390 5
8395 6
8401 7
8408 5
8413 6
8419 9
8428 9
8437 7
8444 5
8449 4
8453 7
8460 5
8465 4
8469 7
8476 8
8484 6
8490 7
8497 4
8501 5
8506 3
8509 7
8516 5
8521 5
8526 4
8530 5
8535 3
8538 6
8544 8
8552 9
8561 3
8564 6
8570 5
8575 4
8579 6
8585 6
8591 5
8596 6
8602 5
8607 7
8614 5
8619 9
8628 5
8633 12
8645 7
8652 4
8656 6
8662 6
8668 4
8672 5
8677 7
8684 5
8689 11
8700 8
8708 10
8718 4
8722 3
8725 6
8731 11
8742 7
8749 6
8755 5
8760 6
8766 5
8771 6
8777 5
8782 7
8789 6
8795 4
8799 5
8804 3
8807 8
8815 9
8824 8
8832 5
8837 7
8844 5
8849 6
8855 7
8862 10
8872 4
8876 6
8882 7
8889 6
8895 6
8901 7
8908 8
8916 9
8925 10
8935 5
8940 4
8944 7
8951 8
8959 5
8964 3
8967 9
8976 4
8980 8
8988 5
8993 6
8999 7
9006 5
9011 7
9018 4
9022 4
9026 5
9031 4
9035 8
9043 7
9050 10
9060 6
9066 7
9073 4
9077 6
9083 4
9087 7
9094 7
9101 3
9104 4
9108 8
9116 6
9122 5
9127 8
9135 6
9141 9
9150 6
9156 3
9159 2
9161 4
9165 8
9173 5
9178 5
9183 6
9189 7
9196 6
9202 9
9211 5
9216 6
9222 5
9227 5
9232 6
9238 5
9243 4
9247 5
9252 10
9262 2
9264 4
9268 6
9274 3
9277 7
9284 5
9289 8
9297 5
9302 3
9305 9
9314 6
9320 4
9324 7
9331 5
9336 4
9340 9
9349 3
9352 5
9357 9
9366 4
9370 5
9375 5
9380 6
9386 7
9393 7
9400 7
9407 7
9414 6
9420 8
9428 5
9433 6
9439 10
9449 6
9455 6
9461 6
9467 10
9477 5
9482 5
9487 7
9494 5
9499 6
9505 6
9511 6
9517 7
9524 5
9529 6
9535 9
9544 4
9548 5
9553 5
9558 4
9562 4
9566 4
9570 6
9576 5
9581 7
9588 4
9592 6
9598 8
9606 6
9612 8
9620 7
9627 9
9636 7
9643 9
9652 3
9655 4
9659 6
9665 4
9669 7
9676 7
9683 7
9690 6
9696 5
9701 6
9707 5
9712 3
9715 4
9719 5
9724 7
9731 5
9736 9
9745 8
9753 6
9759 5
9764 9
9773 7
9780 5
9785 7
9792 7
9799 6
9805 3
9808 6
9814 4
9818 8
9826 4
9830 3
9833 7
9840 5
9845 8
9853 3
9856 8
9864 5
9869 9
9878 7
9885 5
9890 4
9894 6
9900 4
9904 3
9907 6
9913 8
9921 4
9925 4
9929 8
9937 4
9941 4
9945 9
9954 6
9960 7
9967 8
9975 3
9978 5
9983 4
9987 5
9992 6
9998 4
10002 7
10009 6
10015 6
10021 3
10024 4
10028 7
10035 7
10042 7
10049 9
10058 9
10067 5
10072 8
10080 4
10084 3
10087 6
10093 4
10097 6
10103 6
10109 6
10115 5
10120 7
10127 9
10136 6
10142 4
10146 4
10150 8
10158 4
10162 6
10168 4
10172 10
10182 6
10188 4
10192 3
10195 5
10200 4
10204 4
10208 6
10214 6
10220 7
10227 5
10232 3
10235 6
10241 4
10245 6
10251 7
10258 5
10263 3
10266 9
10275 4
10279 5
10284 7
10291 6
10297 4
10301 3
10304 8
10312 8
10320 5
10325 5
10330 4
10334 6
10340 9
10349 7
10356 7
10363 8
10371 6
10377 9
10386 6
10392 3
10395 8
10403 4
10407 6
10413 9
10422 6
10428 6
10434 5
10439 7
10446 7
10453 8
10461 6
10467 6
10473 5
10478 5
10483 4
10487 7
10494 4
10498 6
10504 4
10508 3
10511 3
10514 4
10518 6
10524 6
10530 6
10536 5
10541 7
10548 4
10552 5
10557 4
10561 6
10567 5
10572 3
10575 11
10586 6
10592 6
10598 5
10603 6
10609 6
10615 5
10620 8
10628 10
10638 9
10647 5
10652 6
10658 4
10662 7
10669 5
10674 7
10681 7
10688 7
10695 7
10702 6
10708 6
10714 2
10716 7
10723 7
10730 7
10737 8
10745 9
10754 4
10758 8
10766 5
10771 7
10778 5
10783 6
10789 5
10794 6
10800 6
10806 6
10812 5
10817 5
10822 6
10828 5
10833 4
10837 6
10843 4
10847 7
10854 7
10861 3
10864 9
10873 8
10881 6
10887 6
10893 9
10902 7
10909 8
10917 9
10926 7
10933 3
10936 7
10943 4
10947 4
10951 4
10955 9
10964 7
10971 6
10977 6
10983 3
10986 5
10991 6
10997 8
11005 4
11009 6
11015 5
11020 4
11024 8
11032 7
11039 6
11045 5
11050 8
11058 6
11064 4
11068 6
11074 5
11079 6
11085 3
11088 6
11094 7
11101 4
11105 4
11109 4
11113 3
11116 3
11119 6
11125 2
11127 8
11135 3
11138 4
11142 3
11145 6
11151 7
11158 5
11163 6
11169 4
11173 5
11178 7
11185 3
11188 6
11194 6
11200 4
11204 8
11212 5
11217 6
11223 10
11233 6
11239 5
11244 5
11249 5
11254 4
11258 3
11261 5
11266 5
11271 6
11277 4
11281 6
11287 7
11294 6
11300 6
11306 6
11312 7
11319 5
11324 4
11328 4
11332 5
11337 7
11344 6
11350 6
11356 6
11362 4
11366 7
11373 7
11380 4
11384 7
11391 6
11397 7
11404 5
11409 7
11416 10
11426 5
11431 7
11438 8
11446 6
11452 3
11455 4
11459 10
11469 5
11474 8
11482 7
11489 8
11497 7
11504 10
11514 6
11520 9
11529 6
11535 3
11538 7
11545 5
11550 7
11557 7
11564 5
11569 3
11572 4
11576 4
11580 5
11585 6
11591 6
11597 4
11601 6
11607 7
11614 5
11619 7
11626 3
11629 10
11639 5
11644 5
11649 7
11656 4
11660 8
11668 3
11671 8
11679 5
11684 5
11689 3
11692 7
11699 4
11703 6
11709 10
11719 3
11722 5
11727 10
11737 3
11740 4
11744 7
11751 7
11758 6
11764 9
11773 4
11777 8
11785 8
11793 5
11798 4
11802 5
11807 4
11811 7
11818 8
11826 8
11834 6
11840 8
11848 10
11858 5
11863 3
11866 5
11871 2
11873 7
11880 8
11888 8
11896 6
11902 2
11904 7
11911 9
11920 6
11926 4
11930 6
11936 3
11939 6
11945 6
11951 6
11957 8
11965 4
11969 7
11976 6
11982 7
11989 5
11994 10
12004 9
12013 8
12021 6
12027 5
12032 6
12038 9
12047 5
12052 7
12059 8
12067 2
12069 5
12074 6
12080 5
12085 6
12091 7
12098 6
12104 5
12109 4
12113 6
12119 6
12125 8
12133 6
12139 7
12146 6
12152 8
12160 4

1588

12164
0 9
0 9
415 3
602 1
396 4
1127 1
1151 1
1442 1
1383 10
1853 5
1324 9
472 7
710 9
1299 1
1678 3
1944 2
1304 1
520 10
602 6
790 7
938 5
1337 3
1507 1
1806 8
1192 8
608 4
658 3
947 5
1449 3
1059 3
172 3
1460 8
1567 8
212 7
1976 3
1336 5
1895 1
1871 1
849 4
1784 5
171 2
153 10
1514 10
353 10
1101 1
1532 8
1886 1
1937 2
1376 1
1798 2
1502 5
1462 1
696 2
1231 3
1364 1
247 3
612 2
121 4
300 9
1106 8
1317 8
2020 7
1187 6
768 7
680 3
1115 6
1698 8
1856 7
261 8
1957 10
1670 3
797 2
1185 4
1620 10
776 4
1448 4
1114 8
1103 4
1209 8
572 10
978 3
1189 3
1334 9
1400 7
1616 6
852 1
265 6
1152 8
1178 3
1529 6
289 7
63 2
2017 6
89 7
1435 1
698 6
363 10
823 5
1261 4
1958 3
544 2
1909 4
185 4
533 6
780 5
1786 6
1881 6
1905 5
625 7
1965 8
1456 4
453 7
547 7
1178 6
1196 5
1951 9
513 5
359 1
1509 1
1036 10
94 5
473 7
865 4
884 2
917 8
1291 4
284 9
1899 5
96 10
956 5
1496 6
976 8
62 10
727 9
1197 5
982 1
1282 9
1771 4
1974 3
1932 1
64 4
722 2
1195 3
1360 7
1682 4
1864 8
59 3
820 1
712 10
944 2
1113 2
1347 2
1502 2
1199 6
942 9
624 2
1260 10
1561 8
1438 6
272 5
1556 6
112 5
821 9
587 2
192 1
226 7
249 2
1451 1
1201 4
205 9
1208 8
566 1
678 10
1985 6
34 9
81 2
232 10
246 1
922 1
573 6
1799 5
1852 3
375 9
554 9
605 6
1258 5
1406 8
271 8
1700 6
2033 8
1118 10
411 5
43 1
325 2
286 2
627 9
1034 7
229 6
326 1
1724 3
408 8
103 3
163 6
421 3
934 3
1627 6
339 3
1476 1
1585 8
1848 3
348 6
376 7
1409 2
1428 1
1639 8
2019 7
28 9
197 8
301 8
1219 1
1677 6
1884 9
1454 8
1243 8
240 1
1282 7
1813 9
1925 8
1193 3
815 2
1543 10
1811 3
412 3
1391 8
1583 4
566 8
719 1
746 8
999 4
901 4
785 3
1457 5
1402 4
295 7
1248 2
1765 2
1928 1
551 8
1024 6
1100 3
1386 2
1476 9
1806 5
1926 7
1716 1
1270 4
490 5
800 10
1748 2
1493 1
1816 7
783 5
1003 1
1025 8
1614 4
31 1
1556 8
1089 7
199 6
1555 2
1600 8
1945 10
1873 10
1313 6
1514 4
1516 9
749 3
1210 5
1696 8
1284 3
1688 7
1793 5
410 8
544 5
903 4
1285 7
1615 8
829 4
1255 2
290 6
406 6
1234 9
1558 1
1814 6
589 9
1565 6
1424 5
553 6
1649 6
1369 8
1087 3
347 6
1712 4
1778 8
1989 6
315 7
1054 9
1194 1
1231 8
1319 3
1501 3
1854 8
1972 8
2022 1
1651 10
1798 9
947 2
725 4
73 3
2037 3
241 10
963 10
744 7
159 5
1276 8
745 9
76 7
722 7
1022 3
616 2
1075 6
1946 7
252 6
571 6
1110 8
1714 2
1782 6
1796 4
1416 1
562 10
107 5
1349 2
1834 6
1894 5
1134 2
1390 7
475 4
563 1
1056 3
1070 7
271 3
703 7
1836 4
1233 3
684 4
691 8
1203 5
427 9
1422 7
690 6
1492 8
1827 9
1051 10
23 3
379 7
1081 8
1398 10
679 7
1092 1
1804 10
801 3
1400 7
569 4
1619 10
1506 2
1268 1
538 6
1636 3
21 10
67 8
1808 10
395 1
1598 10
399 5
1628 7
2013 4
15 2
364 2
951 6
701 10
1014 6
1985 10
22 4
133 10
1024 6
155 10
995 6
1933 3
1971 3
1075 2
248 1
405 8
295 9
1932 9
1436 5
1211 6
182 5
408 2
644 9
62 8
1858 8
590 5
1726 3
196 3
1361 10
1888 9
369 9
294 5
440 8
418 1
749 6
768 5
773 4
1404 7
1440 1
522 6
102 8
1676 2
526 8
753 5
970 7
1682 7
1880 2
698 8
893 3
1579 7
1133 6
1426 8
1741 5
904 6
534 2
1238 3
328 6
586 2
1655 6
986 9
1689 9
50 3
513 8
793 6
1064 3
105 4
127 7
674 1
1622 8
1632 1
1293 9
551 3
1253 9
978 8
661 5
427 10
453 2
526 10
1700 7
52 7
1981 3
1961 5
2047 5
753 5
1121 9
2014 5
922 2
776 4
1785 8
1032 7
1685 7
1688 4
1380 10
927 3
1484 2
410 6
338 1
1484 2
1640 7
1441 4
835 3
487 6
527 6
976 6
1175 10
1427 7
1812 7
2044 7
488 1
1361 9
1323 2
1026 8
769 4
1288 4
1701 8
131 5
28 2
567 5
1721 9
1738 5
1603 10
1650 6
398 1
1197 10
1064 3
202 1
1395 4
1188 4
270 9
586 9
245 4
464 10
1587 2
1803 7
341 4
1946 9
1858 5
246 8
1039 6
289 8
454 5
1412 4
1043 2
850 4
1447 6
1844 3
1369 2
177 1
1366 2
1685 6
1736 6
15 7
374 10
1754 2
883 2
1853 7
1078 3
478 8
387 7
1597 2
923 5
1672 2
1791 9
862 3
1504 5
170 10
909 8
1360 9
1421 7
1547 7
819 6
269 3
774 8
1381 8
1054 2
1301 5
1598 7
1675 3
1817 4
1926 1
19 5
1595 1
441 7
441 9
1662 10
706 8
280 2
547 8
517 9
1235 4
20 10
570 3
1586 9
1621 7
1617 9
169 9
1830 4
272 1
333 3
1955 8
834 3
1059 8
159 2
742 5
895 3
1755 10
1905 6
1595 1
1607 9
958 2
554 9
477 8
1486 9
1610 8
893 1
1649 8
1501 1
1081 3
1375 3
1624 1
612 9
1594 7
1103 3
811 8
69 8
2022 7
195 10
640 10
784 4
946 6
980 3
1177 4
1343 5
1659 2
32 3
2038 9
588 4
266 1
688 9
1200 1
73 4
148 4
193 5
1918 9
168 5
1238 5
1164 1
365 8
721 10
1881 3
148 1
54 5
1159 4
787 3
807 2
920 6
500 7
1749 7
358 10
1059 3
133 1
902 9
1332 5
1218 1
130 2
137 9
969 6
975 1
1100 4
1214 4
1222 6
1506 9
1901 5
922 4
1032 7
1580 5
1927 5
474 4
1588 10
1491 5
1720 3
1800 2
689 2
716 5
914 5
1444 10
1463 1
1779 1
26 5
1616 6
1182 8
1037 8
1075 2
415 10
1941 7
785 8
1952 1
662 1
1610 10
134 5
931 1
1630 6
1035 9
753 4
1297 5
171 4
332 6
436 4
475 10
1090 4
1096 6
1402 3
1605 1
1258 6
1259 4
1461 5
1517 6
1542 4
2022 9
2043 6
1005 7
1777 6
1229 8
2025 5
620 6
1109 3
1792 1
1829 4
1832 9
675 1
384 2
406 6
746 1
1444 3
349 6
1562 10
589 8
1508 2
1827 1
263 3
331 9
761 5
870 9
1639 3
9 4
1739 5
341 9
336 7
1338 4
1919 8
418 5
1075 10
351 3
692 1
188 4
314 5
1250 2
1475 2
1826 10
1854 7
1924 4
1527 3
2026 6
1888 1
399 10
987 6
1121 2
774 6
371 4
466 8
1206 3
1595 1
1637 4
752 2
216 7
436 6
825 8
1221 3
73 7
1330 6
1005 7
324 8
505 3
992 6
1066 8
1135 6
1595 3
1503 3
791 8
525 5
752 4
1119 1
2014 9
809 4
265 10
578 3
109 2
842 8
557 7
1740 4
81 5
842 4
1142 10
377 3
1743 2
1976 5
213 6
1616 5
467 10
702 10
1323 6
2007 7
64 10
1015 9
108 1
1636 3
1619 10
968 4
1164 8
1546 3
1230 8
835 7
114 5
728 2
1879 6
884 10
710 9
800 8
1013 2
237 5
1756 5
204 2
374 6
632 10
959 8
1820 8
109 9
2037 4
874 9
892 7
239 7
394 5
357 3
656 2
1957 5
355 6
401 2
1947 1
763 7
537 6
1378 3
1829 8
1690 4
154 1
2015 4
181 5
217 10
223 1
540 10
1558 2
1956 8
897 1
319 8
1173 5
1900 4
1569 1
299 5
373 9
1685 7
1507 1
1806 8
1486 5
697 6
266 4
1744 1
545 2
943 7
1163 7
1457 1
1816 6
2006 8
268 2
953 6
1947 4
574 9
696 2
2030 4
652 8
668 3
731 2
1540 2
1548 4
1800 7
466 9
1005 1
1830 7
437 8
367 8
769 3
1561 8
1577 6
105 4
107 1
1781 6
1237 1
1707 7
579 2
643 10
404 3
308 7
567 1
587 3
604 5
835 7
700 9
883 4
545 9
794 6
797 8
1421 7
2030 5
2043 9
1035 6
607 4
1877 5
469 1
860 8
910 9
1037 1
1441 2
1622 2
2024 10
1089 9
284 2
1599 6
1775 6
1917 6
7 10
1391 5
875 2
682 9
821 3
140 1
1813 10
1733 10
890 2
1577 9
1131 6
1958 2
64 10
899 5
791 7
1251 10
1916 9
1922 6
193 10
579 10
482 3
599 6
786 7
1204 4
1715 7
1791 4
1363 1
317 4
805 8
1769 7
1981 9
1854 10
1955 6
1791 5
795 5
1035 4
1376 2
1553 10
1732 5
51 5
473 10
98 2
2003 3
402 9
441 8
487 3
1208 10
274 5
405 5
528 3
968 4
398 8
508 1
1182 9
1636 8
1878 9
1811 4
809 5
1806 3
868 2
1338 4
1377 2
1701 4
402 6
774 7
301 9
323 4
1316 4
1536 10
1776 2
379 7
32 6
1311 10
1989 10
1907 10
832 9
893 9
1607 7
1050 7
1549 3
449 10
1009 7
1049 6
1765 9
502 4
187 8
610 1
1160 9
783 2
2015 9
193 8
106 5
450 8
1777 4
939 1
1700 2
461 9
898 6
1637 7
1734 9
1752 8
97 9
664 7
1749 7
523 4
1112 4
1026 5
91 10
849 7
447 2
1540 8
2019 10
7 2
115 4
1122 7
1255 10
695 5
5 3
1776 1
1184 3
180 6
457 7
499 4
688 8
833 1
1316 2
1589 10
1751 2
1796 7
1461 2
1548 8
1615 1
1845 9
1968 10
1585 2
840 8
914 3
345 6
572 7
1404 6
1437 10
641 4
331 10
593 3
1328 6
1082 9
1090 4
1929 6
812 2
1639 3
365 7
618 10
1901 9
88 1
719 9
1936 3
1717 10
1769 3
1945 3
1187 7
685 3
1078 7
1161 7
1774 4
559 4
584 4
1028 8
2001 10
172 6
201 1
241 1
1370 1
942 10
1008 3
1350 5
1509 8
585 4
140 5
534 7
1328 4
66 5
1932 2
1391 2
1789 9
393 7
1932 8
216 5
529 1
605 6
1203 8
1127 4
1934 7
1436 1
302 3
845 7
1165 4
1715 2
1899 8
599 6
17 4
912 7
1495 6
283 7
409 7
749 5
1169 4
1187 6
1473 8
1862 2
166 8
269 3
656 10
1696 9
835 8
122 4
1980 6
1352 4
1671 6
612 6
1323 6
812 3
205 8
1057 2
1708 9
965 10
951 6
559 10
1175 8
850 8
1196 4
1087 9
531 2
26 1
951 4
1899 2
869 6
408 9
480 2
1069 3
1230 7
105 5
156 10
167 8
602 3
1192 7
930 3
1119 7
1688 7
627 5
1482 10
334 7
1376 6
102 10
398 4
1286 7
395 1
1538 3
876 10
398 4
67 3
1896 7
201 8
542 5
1072 1
1279 9
1905 2
34 8
1713 8
499 9
1080 7
611 10
263 3
500 2
683 2
745 10
809 4
830 9
1598 2
1740 6
1357 7
241 10
623 4
701 3
1334 2
1422 7
1883 4
2018 2
1482 7
43 6
452 9
1111 1
1759 6
1887 7
432 1
1687 4
799 6
1176 10
180 1
196 8
1627 6
1777 7
1980 3
1384 7
83 1
1974 4
1116 9
442 4
1848 2
1043 5
1495 4
398 2
1126 3
136 2
292 5
1788 2
238 2
625 4
690 3
189 8
27 9
1622 9
368 7
423 8
467 5
1613 10
1817 8
1449 4
1544 8
2023 5
367 3
500 9
1027 10
1047 8
1175 3
1459 1
1851 5
1162 3
844 9
1992 9
244 7
541 3
666 7
216 5
1604 1
1760 7
706 8
1021 1
1523 5
1908 3
516 4
892 4
1064 6
1214 5
1332 1
5 7
349 6
286 4
860 4
1222 4
132 6
1820 9
764 3
956 5
1009 1
1037 7
1284 7
1653 6
1728 6
1159 9
316 4
358 2
841 7
1122 5
1182 4
1894 5
1734 3
1795 9
1059 5
1052 9
847 7
1548 8
126 7
183 5
209 5
724 2
240 1
329 5
545 6
566 2
762 10
774 8
878 8
952 2
140 10
1495 10
1168 6
1038 4
410 10
1000 6
1451 5
844 3
1253 9
1269 10
728 1
1136 10
269 5
630 10
664 9
275 5
1698 1
474 5
1671 8
1889 5
1346 10
1921 5
840 5
1228 8
455 3
971 6
1534 4
1691 10
532 1
1889 2
1210 7
512 5
140 1
1291 9
248 8
1470 7
333 10
414 10
439 10
1141 1
1656 10
858 9
241 5
900 2
1119 9
2027 1
416 7
26 7
1695 9
291 6
303 7
314 6
373 7
500 2
1022 5
1086 1
1536 8
861 10
420 5
647 8
1482 5
1780 3
1752 1
580 4
1229 7
347 3
1561 7
32 6
1029 3
1567 7
1148 5
1487 5
1671 2
1281 6
988 2
367 3
2005 7
270 4
1831 9
660 6
708 7
1808 3
28 10
1251 5
1399 7
2006 5
934 7
558 6
1893 8
275 5
973 6
1716 4
1078 6
378 10
638 1
1224 2
1909 5
718 1
669 8
1089 1
1753 10
536 1
614 3
238 8
1232 7
1370 1
1814 8
136 5
1780 2
715 2
1433 9
1463 4
204 2
236 8
1633 8
609 7
478 5
587 4
846 4
887 7
1005 2
1081 8
1405 6
1500 3
1588 4
138 7
739 5
1344 10
1248 1
417 4
827 5
1273 6
216 1
1054 10
35 1
1152 6
1167 9
1753 3
1756 5
51 10
180 1
225 5
198 10
2014 5
1977 6
754 8
1009 1
1369 10
1456 7
1672 7
1355 3
747 10
474 4
1089 10
1215 9
351 9
389 3
1137 2
1212 7
208 7
270 7
1653 1
1193 4
1386 1
1928 7
84 4
965 2
906 3
271 9
649 9
1209 4
1444 1
1454 3
86 8
651 4
28 1
9 3
1368 2
1083 3
740 7
779 3
1241 1
1795 5
65 1
223 8
763 3
1922 3
600 8
810 2
1259 5
1450 4
1574 3
1752 1
27 2
2029 5
1209 1
1411 3
1324 2
734 2
1964 3
397 8
1081 3
1152 8
1519 8
389 1
415 10
1598 2
1136 1
1384 2
1504 7
745 8
1438 2
53 6
1532 3
1575 2
1908 4
1925 4
1879 5
1254 9
1330 9
1746 3
1756 2
1963 2
1916 1
884 4
1232 9
948 5
1122 10
1962 2
1742 5
1750 3
1496 3
1615 9
1372 8
1668 1
1857 3
1827 1
667 5
2036 5
1869 7
1733 2
380 10
898 7
1307 2
1804 9
1314 9
516 7
387 9
1108 8
1610 5
703 1
798 6
751 7
960 6
971 5
1033 2
1933 4
1366 6
631 3
800 8
963 8
1142 8
1183 7
11 8
1153 5
1682 1
877 9
978 10
1039 8
1345 2
1573 1
1738 5
782 1
1924 10
530 2
1190 6
1306 10
1446 5
120 3
197 3
545 5
292 8
1480 7
968 10
424 7
383 10
939 8
1683 5
129 10
843 2
14 6
1825 2
1120 10
104 1
144 4
1028 9
1333 2
1623 9
721 4
807 9
291 1
423 1
294 7
661 3
1531 8
2005 6
145 2
856 4
1092 4
1694 8
1032 5
953 7
1928 5
1935 5
92 3
187 3
219 5
617 8
822 1
824 1
1847 5
84 9
231 4
244 7
790 9
736 8
290 2
815 9
855 1
30 8
56 3
1883 2
245 9
714 8
1054 6
97 1
1487 9
539 10
25 5
1004 8
1069 4
1913 2
719 6
1211 10
1374 3
160 5
1638 4
1053 1
1973 3
700 2
747 8
811 6
1997 10
220 5
233 5
1865 3
1569 4
484 4
597 10
799 1
1189 7
1314 4
1516 5
1841 6
1994 9
1756 8
523 8
1915 2
1915 3
1256 5
1559 3
531 9
1715 5
1794 2
1992 8
1215 7
1991 2
1569 4
1310 9
1951 10
1438 5
1136 8
1420 9
1496 3
1612 8
95 2
1065 8
1530 9
916 8
550 5
910 2
1307 6
1787 9
848 8
449 1
1891 10
575 1
1984 4
1443 8
1443 6
1511 2
186 7
1388 4
819 3
954 9
1414 1
1581 5
1774 9
20 9
1862 1
152 2
2025 6
1193 5
1230 10
1457 9
1489 10
1700 3
1783 2
343 7
542 10
781 6
31 2
212 4
548 2
1970 6
304 3
1281 10
1196 2
685 9
649 6
1739 2
587 5
340 4
1216 3
1629 4
1692 6
15 7
87 8
1735 2
887 9
1041 9
640 3
1043 2
1606 2
270 2
46 6
1492 2
1329 8
1842 6
2029 5
226 6
267 1
485 4
493 7
1383 9
755 4
1117 1
1923 5
204 5
404 9
1948 10
966 8
263 8
733 3
1461 7
1878 3
1375 8
422 8
1126 7
1147 8
68 5
267 7
996 2
489 3
593 7
721 9
1346 7
1965 6
39 7
65 9
1999 10
1385 10
362 8
1254 4
1552 9
1812 9
1581 1
1531 6
1742 5
600 10
1349 2
1666 7
487 7
2013 3
596 7
1053 8
1718 7
1441 1
1270 9
446 3
905 1
142 5
498 1
1855 3
1247 9
709 7
888 6
970 2
536 1
1291 1
9 9
1036 3
604 5
745 4
1245 6
1538 5
1571 3
34 8
1596 8
468 1
162 9
333 9
513 2
660 5
1233 1
1854 10
184 3
1542 8
1834 1
567 9
628 5
776 2
1306 6
1811 10
226 7
412 2
436 5
622 5
1221 9
1356 7
1432 10
287 3
1479 7
1965 9
788 7
1090 5
1873 2
607 7
1007 3
1515 10
1613 7
1839 7
1218 8
837 2
1124 2
1542 6
1972 2
1615 6
736 10
582 1
680 2
1425 7
1563 9
1841 5
149 7
1557 9
2047 3
1974 1
1486 3
1243 1
1491 1
940 8
556 10
787 1
1077 3
1191 7
1104 8
1810 2
604 9
494 4
633 10
1122 7
1469 5
1762 7
1963 10
1640 6
924 5
1487 6
1722 5
1780 2
782 4
1386 8
661 2
1500 5
1713 9
1774 7
1030 7
122 5
226 6
49 7
1237 7
1184 6
836 8
666 1
713 2
1242 2
1695 2
1750 9
1932 1
1940 9
214 4
408 4
1490 10
1069 5
1514 4
676 2
717 9
1281 9
1815 8
157 4
598 3
1666 6
471 6
492 2
1635 9
2044 1
1624 5
1871 8
1398 8
825 10
141 8
384 8
1273 3
1075 3
1143 10
1321 3
1109 3
1077 9
498 8
1601 7
937 7
802 9
1410 10
2003 9
2001 3
1758 3
637 8
1654 3
1467 1
1495 7
1557 2
1319 6
922 8
1742 7
162 4
1016 4
1254 7
1456 6
1614 8
127 8
396 1
967 4
1159 1
1849 10
31 2
1205 10
2015 3
406 8
945 10
1753 2
32 1
629 4
515 3
1022 4
1284 8
1462 1
1690 2
1944 2
1252 3
849 2
1578 4
72 6
1720 10
1016 6
1378 6
1764 10
216 5
769 7
527 2
1940 8
1832 1
775 5
1111 3
444 1
1465 2
1966 5
175 10
2004 7
415 2
120 9
1088 8
1032 9
1330 8
115 6
1392 1
668 2
690 2
1595 4
1783 10
1856 1
1978 4
2028 10
2046 7
224 10
97 3
1372 10
301 9
707 9
720 10
866 1
1137 10
1465 2
468 1
194 7
1331 6
1755 10
2036 1
1855 9
2032 6
340 10
401 5
427 4
1295 10
121 7
1097 4
739 7
1296 3
757 10
793 1
1111 1
853 9
365 9
511 10
364 6
583 8
1790 3
1640 7
78 1
405 1
806 6
1374 10
1666 5
33 3
674 4
779 10
664 4
288 4
1398 1
335 10
491 5
121 9
85 4
1415 2
906 3
885 9
1292 8
1439 1
1741 9
1751 6
422 6
1661 6
398 4
862 1
1118 9
285 7
390 6
670 8
849 9
1439 4
1760 3
355 10
355 5
459 5
368 6
561 2
861 7
1389 3
1439 7
1755 3
1237 2
174 6
846 9
877 2
1000 9
1808 7
1155 1
1175 1
1133 4
1644 3
1674 7
48 6
1726 9
228 3
463 10
720 3
720 3
1199 6
1872 1
1589 2
33 6
683 7
757 3
212 6
1736 5
612 8
119 6
1551 6
827 8
451 1
373 5
1850 6
1973 1
122 3
1976 6
1150 4
243 9
1301 1
1571 7
1986 1
1656 4
1318 2
7 10
1588 4
865 6
1058 9
1140 5
900 6
139 6
344 10
344 5
1690 5
1007 8
1255 9
541 6
691 5
717 5
748 7
770 9
563 4
856 4
1135 6
1204 4
381 6
476 1
1225 1
138 3
627 1
1091 8
108 10
214 2
1805 2
1226 6
19 1
415 8
882 5
2019 2
1328 2
371 8
875 2
1858 3
1897 10
524 8
1760 2
1788 8
1684 9
1969 5
1993 3
1249 3
1584 1
1956 5
998 6
1103 5
1366 4
1961 3
449 9
665 5
1093 4
295 8
16 10
669 1
984 9
926 9
1102 5
63 2
1751 5
2030 7
337 6
1956 3
1007 5
106 8
337 9
176 7
971 4
848 8
1861 7
552 2
522 1
697 7
1052 10
1308 9
1618 6
1770 5
207 3
147 8
230 3
641 4
1225 9
1534 5
1856 8
344 6
205 7
1537 6
1359 4
1570 7
68 9
712 9
1466 9
762 5
1741 2
1768 4
1802 6
592 5
2006 7
1818 2
124 4
1714 10
1587 10
359 8
668 3
399 9
625 1
1145 6
142 9
226 7
350 5
1663 2
854 1
470 5
1014 4
1657 6
89 10
1212 8
136 6
1118 9
582 4
894 8
995 2
1435 10
676 2
29 9
1074 6
1091 2
33 7
433 4
883 4
1311 1
131 3
790 2
1832 6
786 4
234 10
827 6
1130 2
1677 5
59 7
163 7
1330 1
1708 8
883 3
952 5
1049 10
1725 2
257 10
1895 1
1369 4
945 6
774 5
1216 9
1763 7
356 6
760 4
478 10
679 7
754 5
1309 5
1439 5
2045 8
438 1
1545 2
1526 4
1449 2
1609 5
1967 4
2036 4
264 10
487 2
953 6
698 3
564 5
778 4
1320 1
1631 5
319 8
1953 7
1575 2
118 2
730 8
1566 9
1927 1
668 3
1752 8
1141 7
646 10
1414 5
1332 1
1326 4
1251 6
1309 9
1909 10
2016 1
90 7
258 9
1844 3
1313 3
1984 1
1257 2
1985 10
392 3
562 2
1264 8
1939 6
251 1
1593 1
1097 5
243 3
1258 6
448 4
343 6
1461 4
977 10
410 3
1082 7
1365 4
2012 6
1338 8
1708 2
718 4
737 9
1091 4
1634 8
1831 10
762 9
388 3
1438 3
1671 2
1933 5
183 7
1008 7
1099 4
578 2
633 7
1529 6
138 5
1646 4
433 2
1864 1
707 6
681 10
911 7
1648 4
62 1
195 1
1011 4
465 8
1692 6
1763 9
1 4
324 1
1344 8
1376 1
1597 3
1769 9
1849 10
250 8
875 4
1529 2
795 3
83 1
195 4
196 4
203 2
160 8
342 4
1119 5
548 7
372 9
123 10
1502 2
822 5
62 5
1215 1
1490 3
1694 2
851 10
730 7
1494 8
593 7
1496 7
1664 4
139 2
807 3
1340 1
1953 6
335 5
507 4
159 9
162 6
1172 10
670 5
640 2
1385 3
1974 3
2028 10
1680 8
666 9
1862 9
149 3
292 9
467 7
558 6
1598 10
1381 1
1603 6
65 8
160 5
338 1
615 8
897 6
1108 7
46 6
325 8
118 6
1223 5
1477 1
1904 10
1341 9
1397 5
1239 4
1754 3
2020 9
32 8
316 4
1308 6
192 9
66 2
509 8
891 10
1761 6
783 6
186 7
1068 7
2012 6
78 6
218 10
390 3
743 3
45 8
497 6
905 7
1280 3
1707 1
1833 6
31 5
1493 9
1165 2
1589 9
1392 3
1458 8
1566 6
1714 7
37 3
303 2
767 3
1058 9
1059 6
1171 1
1301 5
1687 9
1952 3
1740 6
1301 4
1275 8
224 10
853 6
1393 1
581 3
843 7
0 3
251 10
331 2
359 8
1166 3
1329 2
113 10
494 4
1129 2
1377 6
226 7
828 1
1522 5
994 9
1104 2
614 8
864 8
1731 10
239 4
1084 8
1146 6
1678 8
122 5
1005 10
68 1
1953 1
903 5
560 10
1474 9
766 7
997 1
1165 1
1343 2
2021 9
227 5
1955 10
1018 4
1436 2
1610 8
759 3
1468 10
1721 1
1927 3
1297 7
32 3
1017 6
342 6
293 8
709 1
502 1
267 1
205 8
1426 5
1415 8
1744 7
1123 5
264 7
1413 8
1541 4
1995 2
1330 8
1823 10
1579 8
794 8
1135 7
1479 7
1004 9
1364 6
1473 5
1526 8
1594 10
335 4
75 10
57 9
429 1
543 3
1330 10
1168 4
1228 6
1640 10
1828 7
647 5
427 1
1865 2
914 8
1495 3
1087 10
2018 4
435 10
890 7
570 8
1580 10
1641 5
200 1
1018 6
1819 3
835 9
760 1
394 2
434 8
1614 10
376 4
940 6
674 7
2002 9
433 8
1686 2
1888 6
626 8
1404 2
1207 5
1392 5
905 10
430 10
513 3
1819 1
2009 1
303 5
126 6
115 4
813 5
994 9
1709 6
147 8
1460 10
1103 6
617 8
1428 2
1924 7
382 1
1436 9
1544 5
1792 5
1681 3
224 10
1184 8
1234 6
1598 3
1819 9
1935 7
68 8
1078 8
804 3
1028 5
1186 2
1211 4
1584 7
94 7
94 9
613 4
159 8
904 5
202 4
596 1
858 9
773 5
1634 6
1941 5
760 10
799 3
1188 2
1389 6
1805 2
330 1
708 10
2042 7
1148 8
1622 4
1803 7
1726 1
779 9
1192 7
627 7
610 5
298 3
705 2
1212 10
1956 4
170 2
1280 7
641 5
732 7
1158 7
1854 1
389 4
1915 6
973 9
1593 10
1749 6
1838 4
281 1
362 9
1772 5
1641 2
165 10
524 7
710 1
1596 1
1795 2
1978 3
168 8
1873 6
1206 5
1986 6
1468 7
1661 9
350 1
751 9
1666 9
1035 7
1282 2
1913 5
199 9
1050 8
477 5
642 5
1041 6
1512 8
1950 2
1349 4
1902 6
75 2
18 7
1698 2
87 5
711 8
1722 9
1583 4
701 5
221 3
1572 5
1802 3
696 7
1864 6
1278 10
1844 1
1840 9
172 7
655 4
1814 5
1467 2
1431 8
2012 9
541 2
1045 9
1335 8
1343 10
1329 7
344 5
1364 5
612 10
1375 2
2041 7
1952 8
884 4
1429 9
1317 10
2035 1
502 2
168 9
652 10
1459 8
628 2
508 5
634 10
851 1
1040 9
620 7
1084 4
347 10
646 1
1341 10
807 2
1204 5
2019 4
980 3
1721 7
84 10
598 8
1084 8
395 8
2029 8
1994 10
147 9
1430 9
527 6
124 8
692 4
702 4
851 4
920 8
996 5
404 7
132 10
205 5
1644 2
730 6
814 9
1448 3
1672 4
301 1
334 1
1486 4
739 3
1200 4
1205 4
1929 8
1186 5
1574 2
569 9
151 1
873 3
937 5
1690 4
1921 10
1221 2
373 5
1752 10
1802 9
1075 4
317 6
569 2
1035 1
1070 4
1162 9
1876 7
1920 2
1360 2
740 10
2 7
894 7
1459 7
159 10
569 4
1747 6
595 10
19 7
925 6
1206 5
1687 6
1697 9
220 5
242 4
1227 5
110 4
671 8
1381 9
1434 6
1067 6
55 4
115 10
1384 4
2038 8
506 8
356 1
705 7
1002 8
1161 7
771 9
99 8
1647 1
452 5
90 8
650 4
381 10
1163 3
238 5
642 9
1940 2
1065 7
1242 4
874 4
1483 6
1638 4
1789 6
192 2
1285 1
1257 5
711 10
760 9
864 8
1229 6
156 3
1298 4
683 1
820 8
945 9
1356 7
1820 8
1357 3
1092 5
1914 5
1160 5
275 4
2018 7
291 4
1787 4
1886 4
1655 7
1468 8
918 3
1906 1
1036 10
719 7
871 6
893 5
901 2
297 7
383 2
1189 7
1122 9
79 6
159 3
1758 9
1982 10
80 1
1516 2
1960 9
1858 6
1787 5
613 10
657 1
954 1
1110 3
1364 2
1464 10
1527 7
624 1
294 3
41 5
660 5
702 7
1135 5
1858 2
1080 8
1472 10
340 5
871 8
758 7
896 3
898 4
925 7
1798 2
317 2
579 1
1962 9
664 5
826 2
1154 10
1202 6
1224 10
291 7
1493 7
1699 6
1127 5
579 3
695 1
1203 10
2039 6
311 4
415 4
572 9
650 9
1025 9
1705 6
1159 3
1832 4
556 7
1466 8
1579 10
1205 7
1267 5
1355 2
1392 5
410 6
1634 5
1986 2
645 5
851 6
1292 9
1868 7
299 1
722 1
320 8
1365 4
882 9
1561 10
197 9
637 9
172 4
1699 7
108 7
1228 6
226 2
197 2
207 9
1573 4
1633 9
1301 7
1982 6
1616 4
166 4
461 2
921 7
422 1
1065 6
1162 10
1669 1
1212 3
2003 8
735 3
1663 8
1278 9
1470 6
735 6
1540 9
127 3
1575 9
913 6
1502 7
1659 9
1936 3
476 8
1173 6
1704 6
775 5
940 4
1050 7
1099 5
1344 7
1278 4
891 1
1054 7
401 4
689 1
1166 3
462 5
583 9
871 10
1486 5
160 1
515 6
707 2
1310 6
1450 7
1946 9
1376 7
1548 9
408 8
585 6
786 5
1018 3
1400 3
1845 5
1211 5
1616 5
1996 1
337 10
1729 9
1523 7
1386 7
930 2
1002 1
1045 1
2003 10
223 5
1326 6
1082 7
1183 3
1217 2
1722 3
19 5
73 8
435 3
301 2
1985 5
1083 4
516 10
1312 10
2007 2
1482 6
2026 8
326 3
508 6
836 10
877 4
671 5
1837 10
211 4
258 7
514 10
1403 2
790 3
1172 8
1764 2
1052 1
864 6
95 9
780 3
1197 4
1612 4
1361 4
1207 5
1087 3
1523 1
1152 9
755 6
1243 1
1371 8
1716 3
1414 10
3 10
1017 1
1320 4
1515 3
1723 2
1871 6
1153 4
616 10
1280 10
1024 7
69 6
1563 9
366 1
1226 5
1306 6
1052 7
1515 8
1777 1
1219 9
276 8
169 4
1943 3
607 3
803 6
1052 4
360 8
1486 7
449 7
771 3
886 5
1180 9
1436 3
1504 1
1724 3
128 5
1018 4
1160 8
75 10
69 8
1098 5
466 6
329 2
79 6
1127 6
1031 5
1916 5
160 3
1581 5
1932 5
1973 1
571 8
1015 5
1882 7
183 1
1141 6
707 10
1184 2
1528 1
1643 2
1929 5
1338 7
262 2
606 3
1325 2
1798 9
191 2
1362 3
277 9
584 1
964 6
1462 7
222 1
903 3
1217 8
1778 5
1824 6
1226 7
846 9
17 6
556 2
1277 10
71 2
181 7
2025 9
1609 5
1717 2
1211 8
1970 6
1963 1
578 1
772 10
838 6
236 1
300 1
1351 3
1268 8
2019 2
1357 2
1767 8
994 5
1359 3
139 6
801 5
1080 9
1267 4
61 6
880 10
2027 5
272 10
1729 9
726 6
595 4
1141 6
1923 7
1835 8
140 10
635 9
662 3
1385 7
1543 10
1853 6
209 3
355 6
458 2
574 2
1057 1
1546 4
285 10
1587 7
645 7
1816 8
196 5
795 4
841 6
900 5
427 3
821 3
1266 3
629 1
927 10
992 6
1635 9
17 2
741 6
45 5
840 6
263 5
1182 10
216 6
150 9
144 2
1943 2
2002 8
1397 10
1236 10
1258 3
1869 9
2003 4
95 8
1983 6
18 7
908 9
582 3
398 7
286 2
723 9
1136 8
1431 3
1592 9
1925 5
974 9
1747 7
573 8
1926 7
601 8
1120 2
1919 10
280 5
1551 2
1923 1
40 8
1621 8
638 4
1961 2
74 3
1646 2
366 2
1362 6
2009 7
767 2
770 8
48 6
790 4
746 7
1516 4
847 8
610 6
1007 3
99 9
1430 1
1513 8
29 9
1279 6
1882 10
1811 4
1061 5
701 2
924 9
1038 6
1414 9
310 10
495 7
533 2
620 2
1247 8
1007 8
1912 1
657 4
1022 4
1424 4
1766 8
2044 4
1246 6
130 7
885 9
1374 10
972 2
980 4
1326 10
1723 4
233 6
404 6
1967 1
738 7
1408 3
1851 7
190 10
179 4
904 1
707 4
957 4
419 10
1015 9
1931 5
1282 5
1900 8
764 7
1069 3
1001 2
1515 7
344 2
54 10
1934 8
684 9
898 5
388 2
890 5
971 8
1498 3
356 4
1542 6
55 1
907 10
1671 8
575 6
1650 4
2033 9
1804 5
383 5
1708 7
666 2
1786 9
861 5
574 7
949 6
1789 6
2046 4
28 1
37 8
216 2
1955 3
1825 6
302 9
81 5
1499 8
149 1
856 4
1154 3
1262 5
1305 2
1339 9
1773 3
891 1
1174 10
599 6
1836 5
2031 2
469 9
473 4
60 4
471 2
656 2
1541 8
96 3
431 8
1070 4
1720 1
960 3
1796 3
1755 1
528 8
53 6
1686 9
654 7
1278 9
1490 2
494 9
13 10
174 7
1846 10
29 6
549 8
1593 1
1218 7
1099 9
1340 3
2039 7
541 2
565 7
1773 6
1073 4
145 9
1241 3
282 1
563 6
1069 2
785 2
1173 4
1800 1
999 1
1428 8
1946 7
590 2
1962 1
869 9
1278 9
1110 2
393 2
129 3
535 1
753 8
1250 1
1276 4
1403 7
1989 10
156 10
492 1
493 3
1277 6
1860 1
148 2
1416 10
2027 3
228 4
1397 8
2012 2
774 4
1276 8
1821 4
1997 9
1098 10
414 3
548 3
307 1
1614 6
1231 4
374 4
1156 5
508 9
924 2
337 8
1414 9
531 1
179 4
678 10
1106 8
655 6
724 7
905 2
961 3
1083 1
181 4
1659 1
1161 10
509 6
993 4
1242 1
72 2
84 9
1181 2
755 1
1062 7
1893 8
26 2
288 5
946 3
1903 8
149 3
238 4
1155 4
1624 7
104 4
826 10
1459 2
1744 5
1782 3
1405 10
47 9
120 8
1860 5
1863 10
1235 6
1567 4
1616 4
67 5
577 2
1108 6
635 9
817 10
1669 6
1280 6
653 10
688 2
932 10
1556 9
370 5
679 5
1939 5
964 8
1465 5
1660 3
1864 6
175 3
400 7
294 7
1676 8
1941 1
1744 9
1926 10
473 10
539 4
926 1
638 3
442 1
1854 7
297 7
626 9
906 3
275 10
1209 6
1291 10
711 6
1886 1
317 3
843 10
1465 1
464 8
1762 6
185 6
568 6
156 6
966 7
636 10
248 8
1951 3
296 10
913 9
1228 1
2024 5
1203 9
549 8
705 6
1341 6
913 8
1189 7
1742 5
1 1
193 3
616 6
3 6
1597 1
1207 1
1189 7
1757 7
311 9
908 7
300 5
149 5
29 6
183 6
1073 4
738 10
755 10
1114 6
1128 3
1969 10
2006 2
530 3
1489 3
664 4
151 4
1856 2
305 7
1143 3
523 3
649 3
1201 3
974 2
1306 1
4 4
1073 9
646 5
1021 9
1631 10
238 7
1450 9
1632 6
787 10
796 4
1667 3
1679 7
446 5
905 9
553 6
166 1
1585 7
790 2
197 10
946 6
1621 4
779 9
816 10
917 10
1029 6
1341 1
9 2
101 9
189 6
349 8
459 10
2004 7
887 6
1804 8
1745 10
1745 9
2002 3
2032 6
441 4
694 10
878 3
488 10
1237 4
1292 3
1703 7
1776 9
236 3
641 6
1693 8
819 5
416 8
1840 6
2001 10
405 8
1728 8
1426 10
1047 5
1407 4
1532 4
53 2
521 10
602 6
1365 8
841 8
269 8
1929 3
902 2
437 8
1528 8
1635 7
874 5
1573 2
1242 8
176 10
1205 3
1623 7
1983 10
1319 6
955 4
1223 10
556 2
462 7
117 6
939 3
1507 10
1920 10
659 4
777 5
1306 8
303 5
1308 3
665 8
854 2
1114 4
1276 5
198 4
1129 7
1034 5
1013 4
1158 7
1454 5
1702 2
1899 2
489 1
701 6
24 2
1833 4
637 1
1659 9
18 7
204 4
1399 6
2045 4
372 1
1569 2
1583 2
596 9
434 8
1607 5
715 9
1371 6
194 5
357 1
446 7
31 9
1479 6
1378 4
1833 10
302 5
1730 5
1351 3
461 2
1254 4
1657 2
326 4
737 1
543 1
1771 5
1596 2
1623 8
1504 8
1936 7
219 10
847 6
749 6
260 3
1153 9
1902 3
136 10
759 7
677 5
1926 5
311 10
393 7
1672 3
809 6
872 4
1079 8
1521 3
462 10
1176 1
740 1
1286 5
1611 4
1966 5
590 9
540 9
1293 7
1048 3
1517 7
1960 10
1383 5
599 10
1615 7
1278 4
1078 1
322 8
499 9
1304 7
624 1
1040 7
1928 3
551 4
595 3
760 8
234 1
1300 4
1725 2
1060 1
2002 2
1607 9
102 10
402 2
1226 4
1996 3
289 3
1547 10
882 10
1417 4
1602 8
1773 5
175 4
447 5
614 6
367 4
746 8
1947 8
1149 5
478 9
1219 3
452 5
1173 6
1177 2
148 10
1255 1
1099 7
66 9
542 7
497 5
1766 9
1143 7
1814 1
463 1
385 10
896 8
1669 8
608 5
1127 3
1679 4
1749 8
429 5
227 8
2039 6
1198 6
725 8
1974 8
880 8
287 6
607 3
245 9
1857 6
478 4
765 8
494 9
1284 10
1683 2
246 4
1331 2
751 7
1449 4
1808 6
1905 5
146 8
461 10
1444 1
931 2
1431 6
591 10
784 1
1927 4
1841 9
1304 8
1832 3
571 7
1587 9
457 4
584 6
682 7
898 8
1007 2
1610 5
741 7
1524 8
187 10
1934 6
138 2
569 2
1329 7
1751 7
556 4
1210 6
1403 10
488 1
1288 3
1687 8
1660 2
754 4
4 3
1344 1
1905 9
621 4
824 7
1219 6
864 10
1904 6
490 5
301 5
1392 5
231 6
1319 10
1162 4
1804 9
75 5
267 3
313 2
748 2
1865 10
856 10
114 1
1126 9
540 3
780 1
1057 9
1273 6
1340 9
1411 4
1579 10
169 7
606 4
339 4
492 5
219 9
946 4
1771 10
362 5
1181 2
622 8
1604 8
1883 8
1517 3
209 7
403 9
565 2
315 1
1221 2
1717 1
1580 7
1824 7
256 5
1270 6
372 3
385 3
146 3
332 2
1470 3
1541 1
1894 4
363 1
235 8
1774 7
837 6
343 8
402 5
786 9
1127 6
1384 8
1701 4
1784 9
474 8
515 5
1352 7
1818 6
1195 2
679 6
780 9
964 9
975 1
1323 3
1846 1
1412 10
1060 8
1151 2
1946 3
339 4
1308 10
433 7
904 1
73 1
796 7
1355 4
1791 2
1910 4
118 1
1788 4
1614 1
1866 8
900 2
1818 10
375 2
1334 8
1609 3
316 2
1785 1
632 5
2023 6
1681 9
1960 7
904 10
1716 3
28 10
584 10
1198 9
1194 2
747 2
592 5
1013 2
672 6
59 7
381 7
752 10
1237 6
10 3
307 2
1197 9
1269 1
1073 2
866 5
1325 3
1749 3
1387 1
394 10
2024 7
924 1
1517 10
1632 8
655 7
1279 1
1307 1
1087 4
153 9
1039 10
1580 9
1991 3
348 7
1025 3
482 1
197 2
854 3
1767 1
57 4
562 9
1367 8
898 2
287 9
1117 1
178 3
979 3
793 8
1506 1
1516 9
2015 4
836 7
962 6
964 8
1423 3
1674 8
765 5
848 2
1279 4
1399 7
104 9
1781 3
172 8
591 2
1885 7
1757 9
1822 6
111 2
1571 4
507 1
728 1
1642 2
1873 10
58 6
205 3
1465 4
886 6
332 2
1094 6
57 8
1230 8
355 5
1110 6
835 4
888 4
122 1
466 4
1980 10
1366 9
1696 7
1622 2
1924 2
715 6
1082 4
1780 1
2021 10
613 10
934 2
1162 7
828 2
1770 2
1934 2
171 5
493 1
1660 9
751 7
1029 8
1341 8
1434 10
1587 8
8 2
145 2
455 7
1023 10
1582 7
1700 10
366 7
143 6
1737 9
16 6
70 8
383 3
1418 9
875 10
1278 6
1719 10
1843 4
754 3
1062 3
1308 3
1461 7
150 9
1465 7
1782 8
274 2
1341 3
1882 5
63 10
455 5
624 6
198 3
1075 9
555 2
827 6
1395 10
1762 3
490 7
1009 4
466 4
132 10
56 7
259 1
1841 3
1518 9
1466 6
1722 6
1973 7
2035 6
476 7
601 6
1600 5
446 2
860 9
2021 10
95 8
210 8
1291 8
1015 7
833 7
899 1
765 8
842 2
394 6
529 10
559 4
1489 9
1028 9
333 9
508 2
1560 10
444 10
231 7
1937 6
1107 3
907 1
422 1
1450 3
1435 4
299 7
892 2
1013 4
1090 4
1090 3
1132 6
1406 10
135 9
449 1
2 9
736 5
849 10
454 8
481 10
597 6
962 8
977 3
1348 2
23 10
369 9
1967 10
1697 1
1220 1
916 1
1372 3
315 2
1758 1
1979 8
271 8
1937 3
1261 6
1583 8
921 10
1656 5
1850 3
237 2
693 6
626 9
2047 1
1423 5
111 5
1142 8
355 5
316 9
1026 7
1303 2
235 1
1385 10
1923 5
391 4
1409 10
1493 10
1691 5
177 9
486 7
273 6
37 1
1130 9
1132 3
1898 5
347 3
759 3
333 10
347 3
1748 9
106 10
266 4
1092 6
294 9
1072 3
1856 9
498 1
1940 10
52 7
1156 8
22 2
1137 3
1568 1
1581 6
1699 1
1756 7
1827 5
1989 7
1775 8
548 9
844 9
972 3
1292 2
1303 3
1544 3
216 2
1827 4
584 7
1542 2
1263 6
1425 3
1625 10
1665 7
1781 7
50 4
647 8
1833 1
1883 7
1935 2
539 6
1820 1
1992 2
1607 8
857 1
1982 7
21 9
1379 10
1582 6
1510 1
1997 2
219 1
134 2
689 1
1931 8
749 7
1835 8
2034 2
907 10
1903 6
384 8
400 7
1350 7
1494 10
467 6
1006 7
146 2
1708 6
895 9
1314 8
1984 8
447 7
976 9
1938 9
1825 6
1399 1
292 3
747 4
250 2
1574 2
1029 7
503 3
504 6
945 7
983 10
1139 8
2038 2
270 8
307 10
710 5
780 6
629 1
1818 9
391 9
948 5
1312 1
1590 8
1892 8
558 7
1977 4
1937 6
605 10
239 5
336 7
468 3
1920 4
1200 6
1450 7
1794 9
472 10
634 1
1137 5
755 10
247 7
898 3
900 8
916 1
1933 10
1945 4
544 6
655 7
1558 7
1815 10
1467 2
1873 6
2038 9
98 5
1849 3
919 9
954 3
1481 7
410 3
1446 7
1583 4
51 7
1458 3
956 1
1577 8
789 1
1802 8
52 9
252 8
197 10
856 2
300 4
1795 5
1041 8
1610 7
38 8
119 1
553 7
641 8
1638 1
953 8
1291 6
1658 9
2032 6
242 10
678 2
733 4
1992 9
1866 9
2035 5
274 8
1395 6
1458 6
661 2
813 7
355 7
1331 4
1519 4
1821 2
631 6
729 7
186 5
68 6
44 3
1756 6
1545 1
1396 2
1468 9
451 9
651 7
2022 9
695 7
259 7
991 7
126 2
128 4
679 10
1890 1
985 3
1641 5
115 4
69 5
76 5
578 8
950 1
241 8
658 4
699 3
1662 4
1886 8
1523 5
381 5
1238 7
1633 4
519 6
586 1
740 10
291 4
1953 3
605 10
970 3
808 3
1008 8
1319 7
1526 5
1851 3
1132 3
1052 1
888 3
1096 4
348 3
336 10
1117 5
872 2
1514 1
814 5
491 7
1454 6
1229 9
1296 5
632 7
720 3
420 3
1590 5
381 4
432 1
443 10
638 8
1583 9
1558 4
481 9
1476 7
778 8
120 5
1615 2
392 9
369 5
216 10
1210 4
1247 1
971 9
1312 1
1651 3
139 7
248 3
1152 7
1184 5
1543 6
2013 7
213 3
954 7
560 7
1079 4
1254 1
650 8
706 8
1771 1
687 5
419 7
1188 1
895 7
797 4
769 1
886 1
964 3
1704 10
1803 4
2042 1
412 3
1059 1
552 2
912 5
1696 7
10 7
1165 6
1940 10
1344 1
68 5
1787 1
329 7
1086 7
766 1
80 4
147 3
1037 9
1107 9
355 9
552 8
2036 7
477 9
1424 6
524 3
1599 3
1984 6
535 10
1118 8
442 5
1685 10
68 4
124 6
162 7
580 4
216 8
92 8
380 5
1464 10
1792 5
1848 5
330 5
1232 10
506 5
1829 6
77 4
1996 2
302 2
12 4
837 10
1336 2
1980 4
1932 2
1088 9
1131 3
621 5
1948 10
761 8
1077 1
383 4
895 6
339 10
611 9
445 9
1502 8
247 3
1133 4
1407 3
1923 6
663 1
736 6
1570 2
517 3
672 9
17 5
1370 1
1726 4
285 6
1979 4
873 1
1625 10
262 1
313 4
1195 5
814 1
1177 4
1658 7
1747 6
1828 3
1834 10
1985 8
167 2
409 6
42 5
876 4
1205 7
653 1
1143 10
102 4
1702 10
114 8
575 2
994 1
869 6
38 3
1577 8
979 2
1196 8
1883 10
1952 9
378 4
670 9
156 7
509 5
935 2
1491 7
107 3
609 10
310 1
1768 4
1842 7
1869 5
1512 1
1855 5
1805 9
304 7
803 9
828 7
935 8
1282 7
744 1
865 5
901 3
931 2
1226 6
1460 4
270 9
377 2
516 3
553 4
1425 4
3 7
610 2
1852 7
1176 6
128 8
155 7
1276 4
1287 1
1528 6
956 1
1453 2
811 2
1169 8
1046 9
1494 10
1717 9
1720 5
1802 6
2002 6
73 6
336 1
685 8
425 8
150 6
2043 3
1137 1
1230 7
1580 9
158 5
542 4
397 3
1073 8
1839 9
609 4
674 7
843 7
1918 4
1947 4
12 2
766 4
1960 3
150 8
1030 5
1504 3
1416 6
259 6
1415 10
1735 1
1159 2
1314 8
443 3
1424 8
275 1
200 6
1333 4
135 8
260 8
41 10
868 2
1339 1
60 3
537 5
2046 5
1555 2
2040 3
321 9
1483 10
1464 5
1456 6
1145 7
1645 1
1942 9
935 7
523 6
788 9
1246 4
1900 2
440 3
1723 4
1308 1
1614 3
2006 8
1122 7
157 8
1708 3
1706 9
1823 5
943 7
1323 10
1657 9
1890 3
338 6
1459 9
1139 1
1098 7
903 5
1414 7
1415 8
401 3
463 2
266 9
107 2
1239 3
1464 8
840 9
1119 5
1832 4
1993 1
755 3
1093 2
1278 8
1674 1
2017 5
129 4
161 5
1422 3
197 4
1915 7
633 6
1236 2
1284 7
1318 6
1685 9
248 2
1635 6
1132 3
1583 9
792 2
840 7
101 8
1214 10
274 6
1890 9
1890 5
1906 2
1996 10
176 2
189 3
1490 2
1516 4
1038 4
1729 2
1830 10
748 7
436 5
1450 9
758 5
782 1
1472 7
1159 7
467 9
1577 7
1750 9
270 9
36 2
943 4
1703 6
1536 6
611 10
834 3
1848 8
590 10
1480 4
877 7
1012 1
1471 7
1598 5
1384 6
893 1
1225 7
1495 4
92 6
614 5
1887 2
1771 3
283 3
1800 5
1816 1
23 1
1214 2
482 8
1301 7
26 9
543 3
1085 5
153 3
836 2
1614 8
1739 5
1892 10
269 1
399 5
1360 1
1815 2
908 4
1736 7
2010 7
887 8
16 5
1205 4
896 8
1076 5
1499 8
1740 1
1994 7
659 7
1371 7
269 1
1753 3
1390 2
1889 5
1942 6
318 10
126 8
1306 4
1141 5
977 5
1767 7
588 10
1398 10
1540 10
1047 10
492 2
986 6
350 8
378 6
701 6
1770 5
1831 10
239 5
904 2
1029 2
1356 3
416 1
694 2
1619 1
788 7
1108 1
1383 4
1505 4
46 4
1710 1
1830 10
867 3
1363 7
1797 10
197 9
948 10
1155 10
1328 7
1209 7
1237 1
1042 9
936 4
164 9
897 5
1742 8
1938 8
706 7
1934 5
1539 1
172 1
1021 9
98 3
816 3
1466 2
79 3
134 7
150 7
188 8
432 9
1177 7
691 4
947 9
1172 9
1321 8
1524 4
1999 4
315 8
515 10
821 2
686 7
1580 1
2021 6
306 2
776 10
669 6
1752 7
1331 7
1924 1
535 6
1085 8
954 2
1592 5
1879 6
1613 8
1690 3
174 8
221 5
811 7
544 6
807 9
951 3
1130 6
1789 1
616 8
1131 8
214 7
542 6
2024 8
1412 2
1591 1
130 8
131 4
1651 8
706 2
1153 2
265 2
598 10
796 7
414 7
944 7
1494 8
208 9
935 3
218 3
723 9
1525 8
969 8
1387 1
184 7
1207 10
533 9
1438 2
345 9
238 4
1005 2
1010 3
1244 9
553 8
630 6
215 7
1958 9
1058 7
1936 6
281 8
366 8
1882 1
687 2
1405 8
1124 2
170 7
327 2
343 9
710 10
852 5
6 4
1147 2
1152 8
190 8
1467 5
1339 5
87 4
1344 1
1373 3
1828 7
1888 10
400 10
462 1
466 4
497 6
1573 8
1740 7
14 1
849 5
1895 2
1814 6
901 8
1472 4
337 9
414 6
1172 1
1071 8
1398 3
1554 9
985 8
1081 9
1533 9
1576 8
1874 2
373 1
683 3
859 2
622 2
1989 3
1645 8
270 1
1488 3
268 4
356 4
745 2
567 4
1045 10
661 10
860 6
1013 9
726 1
1152 7
1276 5
1033 5
225 9
442 9
1689 6
1448 9
1158 8
1686 3
1921 9
854 2
1342 10
1528 3
1200 3
1270 1
1684 6
705 9
151 8
856 6
212 4
884 9
227 10
565 5
1046 7
910 1
1308 9
344 7
1626 9
91 3
342 1
1169 9
1235 3
1975 5
1413 6
911 8
1280 2
1386 2
517 6
416 8
659 10
1952 9
481 8
1340 8
1776 6
1793 4
1780 1
353 6
789 5
19 4
680 5
333 1
1478 2
1442 10
829 3
1638 9
1991 7
161 2
910 9
800 2
192 6
785 6
2033 7
1318 5
577 9
1345 3
1575 2
2010 4
1583 6
120 9
1511 3
1680 3
491 8
508 10
1202 8
486 6
1317 3
1992 6
633 4
757 2
1675 1
1968 4
781 1
1365 5
469 3
618 5
137 9
1677 7
1662 10
479 4
966 1
2011 8
153 2
397 4
698 10
359 2
959 1
1026 4
1706 2
196 10
783 4
1561 4
1656 5
515 4
345 2
261 9
817 7
613 3
1833 4
216 8
961 2
1044 4
1198 3
1901 8
1669 4
1397 3
1525 3
1536 8
961 1
1514 10
1688 10
1945 3
648 8
1592 6
538 10
1924 10
1011 9
1079 7
1598 4
1883 1
1259 2
1114 9
1126 2
1666 6
359 5
640 10
498 9
1388 9
150 4
379 3
1839 1
89 2
376 4
1330 4
135 10
254 4
460 4
19 2
860 9
2018 10
341 9
557 9
1939 1
1900 10
1453 8
1880 9
1785 2
690 6
766 1
991 6
524 5
1562 6
998 10
1179 9
289 9
612 6
823 8
238 7
2019 3
1256 4
756 3
691 4
299 6
1485 2
1277 10
1478 4
946 2
1048 7
1356 5
154 2
431 7
562 5
1965 9
1050 3
1150 4
1318 6
507 1
568 1
408 10
1264 2
1125 6
1224 5
1435 2
138 7
211 4
709 2
997 2
975 8
1298 2
70 3
100 1
164 9
818 1
486 5
922 7
1557 2
1628 2
374 8
472 7
925 8
1249 2
766 7
778 6
98 3
2038 8
731 9
646 8
823 8
491 3
1828 3
1672 3
141 1
405 6
832 5
932 8
920 6
2023 5
562 5
655 8
684 2
740 3
491 4
1694 8
168 6
257 7
1364 6
155 5
706 1
1360 5
1907 4
1023 3
1207 10
225 2
354 6
740 8
675 2
542 5
1272 10
904 9
932 4
1144 9
38 4
852 8
486 2
789 3
617 2
108 9
1009 10
1115 8
2015 8
419 5
532 3
45 4
806 5
1555 3
990 3
71 6
559 1
674 1
677 10
441 5
827 2
900 9
1078 6
1422 1
1681 5
435 10
610 9
298 1
584 2
908 9
410 7
245 3
341 3
1541 3
596 3
1917 4
563 10
708 1
729 10
1775 5
992 10
970 1
1621 5
604 7
822 4
905 9
1536 4
547 9
1008 6
1564 4
1992 3
91 8
1109 9
1676 8
1787 4
1815 3
861 1
868 9
1313 7
151 9
1796 5
280 2
1059 10
1235 9
1755 2
1806 3
863 8
394 7
2024 4
1787 6
955 8
186 7
767 5
1216 5
1021 7
1396 5
1762 10
600 9
601 8
505 6
1106 3
1317 7
1590 7
174 3
1297 8
111 5
429 8
1367 4
1418 4
947 2
1219 7
280 8
740 1
1821 10
712 1
1877 1
1386 1
19 8
611 10
1605 1
1925 7
1166 10
485 3
1796 8
1531 3
2029 8
2041 9
742 9
1891 9
1181 3
1794 2
1914 8
1990 3
897 6
466 8
107 6
1365 7
1809 4
1825 1
502 7
1743 5
1306 3
714 10
77 2
110 4
323 8
1414 1
1023 7
893 7
28 1
90 5
1401 8
983 1
312 5
583 2
1878 10
681 1
555 9
1610 1
1992 1
894 8
1676 2
491 7
473 6
1516 2
595 1
1967 9
1033 5
1281 9
363 9
1557 9
1871 2
78 3
543 10
1611 2
1860 7
1960 7
1481 6
1100 3
1833 9
1130 1
1624 6
1996 1
1032 9
950 8
973 4
193 3
511 2
1080 8
652 2
1700 1
1656 10
789 2
114 1
1194 7
1409 1
1484 8
1597 7
897 8
1025 2
591 10
900 4
1243 3
1673 7
1948 9
1183 7
1533 7
233 7
694 2
32 3
1947 7
1020 1
1220 5
803 7
844 3
1273 2
788 8
786 2
1983 8
831 4
1831 3
321 7
1649 4
469 5
1632 2
3 5
1672 5
1917 6
1522 3
168 1
264 8
620 3
1576 2
1360 4
1163 1
310 8
433 6
506 4
1285 7
1672 6
1181 10
1187 8
1899 5
24 9
1474 9
180 10
988 9
1216 7
815 4
805 7
1822 4
1208 5
144 7
1793 2
23 2
1041 1
843 7
1608 7
1031 3
1451 3
380 6
325 10
1387 1
482 9
735 7
587 3
611 6
889 2
1092 3
664 4
1250 4
102 6
1093 7
1133 5
1304 10
1813 2
1957 9
50 2
915 2
1421 3
835 9
4 5
987 3
830 10
1248 5
737 5
254 5
1331 2
565 6
1699 3
1937 9
929 8
753 1
1181 2
63 6
190 6
192 4
840 3
1244 9
1273 1
1018 3
1434 2
217 2
379 5
1723 3
1479 8
1319 3
1298 4
1853 5
145 6
383 6
746 8
1567 4
1687 7
2001 4
268 7
1644 8
764 7
838 2
742 3
488 1
1520 3
283 9
1925 9
1987 7
911 8
2036 5
1789 10
619 4
1346 4
213 5
744 1
792 1
20 5
1631 7
1890 3
1886 5
559 4
99 2
1030 1
1642 4
1285 4
1592 4
1352 3
1758 2
875 1
136 8
1502 6
1002 2
259 6
570 3
1531 8
981 1
1176 3
1252 6
1411 7
879 1
1613 1
584 3
878 2
1482 7
711 8
1203 4
686 6
1430 5
51 10
260 8
1955 7
1156 7
592 8
687 8
531 6
766 3
1079 6
672 9
1159 1
1452 3
1995 1
190 10
245 2
1044 9
1465 2
1413 8
1236 2
1304 1
1351 9
1442 6
292 8
599 7
1680 5
874 1
324 4
1558 8
1598 3
1558 3
160 4
264 10
1951 3
1387 5
133 4
845 8
109 6
1383 6
1315 7
1817 2
1878 8
755 3
69 7
1452 3
907 1
299 2
1695 10
365 4
562 8
762 9
221 6
259 5
557 2
723 3
1008 10
448 9
233 6
1352 9
929 4
549 9
608 2
1684 9
1263 9
1170 5
1002 5
1007 2
1193 2
1499 6
1545 10
1611 9
892 8
672 1
109 1
993 2
1083 10
21 8
732 9
1977 5
79 6
1914 4
1228 10
1227 6
390 10
711 3
1545 6
1434 6
825 5
1742 2
1828 10
1939 2
75 8
1043 2
13 3
261 10
685 3
1428 9
785 2
464 3
557 4
102 3
1324 3
1453 1
1049 9
960 1
1784 1
21 1
1918 1
1913 5
1754 7
1043 4
1201 4
923 1
1396 5
1320 10
1133 7
735 10
1743 10
363 9
1494 3
1002 1
2023 8
1609 7
1045 10
1157 4
1257 10
1262 1
1588 2
752 3
1250 2
853 8
826 6
72 9
1060 1
1141 8
1215 4
947 3
123 6
1472 10
1473 6
1388 9
1731 9
230 2
942 9
1028 9
1843 10
1243 6
1591 10
1307 6
1606 3
1285 8
903 3
1362 4
1619 6
1746 9
2025 9
886 6
751 7
1853 2
1286 6
1163 5
1267 2
907 10
543 6
127 6
1642 2
2042 5
975 2
585 4
1505 6
1834 5
1785 9
1975 1
416 9
537 5
785 1
1807 3
1857 10
436 9
1015 1
1977 6
375 2
64 6
1974 1
1132 6
1204 9
1393 3
1408 8
1522 5
1943 9
294 2
1940 6
466 5
1483 10
892 2
1641 5
419 1
1412 10
1120 4
1320 7
1627 7
1800 2
361 6
886 10
1314 3
38 4
576 1
1969 4
1874 2
218 6
1629 2
345 9
561 2
1920 9
1666 4
1009 4
1322 10
960 2
984 1
476 8
511 1
974 5
1393 2
1806 3
1993 6
42 1
1733 1
1843 2
426 9
1480 3
1757 1
272 8
1990 9
117 7
127 7
147 1
418 10
846 2
1902 7
238 2
1185 8
1247 2
1494 5
1661 6
730 7
1448 2
1435 5
1599 1
355 8
556 8
655 2
305 3
553 3
974 2
364 5
1221 5
393 7
972 10
180 3
755 8
908 6
1990 6
702 4
902 10
1001 4
213 1
241 1
165 7
2012 8
1117 1
846 3
1739 10
1995 10
395 4
880 9
1117 10
817 1
1612 10
1637 5
1676 9
1066 10
679 2
856 9
709 4
623 4
135 2
1585 3
63 6
373 4
1094 1
133 9
560 9
706 7
1268 10
994 1
528 5
1277 7
328 6
1663 2
323 4
1965 6
1604 2
1955 9
520 1
421 6
1310 10
420 4
432 6
525 4
951 3
509 3
1117 5
1238 7
1331 9
1485 9
1655 9
1152 6
1363 4
1436 6
1532 7
934 1
1172 6
210 1
608 9
833 9
912 7
1706 10
52 3
226 5
556 4
326 4
1847 5
922 7
1646 1
899 3
696 10
1289 6
64 6
40 6
521 7
1385 7
1447 6
1797 1
683 3
932 2
42 8
1257 2
494 9
1074 6
1199 6
80 8
170 5
875 4
1079 8
717 7
1735 5
1305 5
1139 5
1854 10
1918 6
2044 8
207 10
1640 1
1158 9
1628 6
1692 4
266 9
440 5
707 9
988 9
179 8
1591 4
1586 8
229 3
734 7
611 6
1114 1
827 2
695 8
1706 5
2042 2
314 7
797 5
958 1
1791 6
1338 3
1848 8
527 5
1254 2
944 3
1868 9
1622 2
1750 7
1964 1
77 7
110 7
268 5
929 9
331 9
1558 6
1342 7
1092 3
1388 1
1495 5
926 5
1788 9
259 2
857 5
1477 10
623 5
1722 7
31 7
115 9
151 6
451 7
471 1
158 4
1531 10
1662 7
19 10
300 3
486 10
1383 3
1572 2
1777 3
1192 4
1980 1
113 8
769 9
213 7
151 1
1046 4
1625 7
1743 3
1784 2
218 4
555 6
812 4
1281 2
682 10
86 6
261 8
1292 9
1987 6
462 9
1113 5
637 7
1059 2
1238 1
1567 7
289 9
944 1
1107 10
745 8
1264 10
452 6
1443 1
831 9
1458 8
1498 2
1428 7
1542 7
1655 7
87 2
203 5
978 2
982 4
289 2
1983 7
1729 2
965 9
878 4
1459 8
1264 10
458 9
856 10
1068 8
1218 8
511 1
984 10
1412 3
1695 8
861 7
1037 4
792 9
1363 5
1248 8
826 10
207 8
615 5
1180 6
1411 5
1456 4
889 7
1870 2
635 3
1161 4
1260 4
1503 5
1525 8
1605 5
981 9
379 10
1560 3
2029 9
165 6
165 7
452 8
890 3
506 7
1326 6
1965 4
2046 6
1810 3
1265 3
1475 10
58 10
2023 6
215 9
517 1
756 1
366 10
522 7
523 4
274 1
297 8
1268 9
1570 6
93 2
240 10
507 7
1991 5
1695 7
271 6
49 9
1999 10
1742 4
55 3
1403 3
1977 1
1455 1
541 1
663 9
1993 9
189 2
1111 7
1173 5
1829 5
1913 5
412 9
847 7
353 9
1857 1
1240 6
1451 6
1790 8
1885 1
5 3
98 8
108 3
215 5
412 6
767 1
1040 2
910 10
1140 10
639 1
673 8
1240 9
1286 8
986 1
555 5
1929 7
1804 2
1104 9
1289 3
1621 9
2037 6
699 3
1230 5
1139 6
586 7
1500 1
1175 9
1632 9
1514 10
1510 6
1548 9
73 3
83 3
211 6
2007 4
1070 5
1174 8
280 8
479 7
502 6
1110 6
1505 4
1677 10
1012 10
127 8
1335 1
1421 10
1734 4
2007 2
475 6
1805 2
1483 1
1351 8
1360 2
1694 5
409 7
1045 8
2003 1
1570 3
1773 7
273 4
316 5
575 2
560 3
192 3
1203 7
1633 9
56 7
570 4
1064 5
1637 7
471 4
1290 3
1497 6
1986 8
853 8
1165 4
1489 7
1750 8
1641 2
1413 1
1476 1
196 1
1738 5
721 3
1297 2
1920 2
574 4
605 4
608 9
680 2
1299 7
2007 4
1240 9
795 8
1226 8
1618 7
1799 5
1025 6
1270 9
375 6
1639 6
53 6
65 2
113 2
122 10
471 4
701 9
319 3
1283 4
1395 4
1669 4
1827 1
1898 4
823 5
1927 7
1742 9
320 9
778 1
310 3
1428 1
90 3
234 6
440 8
636 1
1376 5
904 6
178 7
764 4
964 6
1026 8
1726 5
633 8
880 7
1744 8
1759 1
1954 1
197 7
930 8
490 8
1991 3
537 9
1636 5
1109 9
1278 10
59 8
100 3
250 3
238 8
853 9
390 7
512 7
175 9
693 4
1101 5
1594 4
247 3
514 4
584 1
975 10
1140 4
1145 10
1730 6
1744 9
417 8
464 8
1847 6
462 4
1287 2
1149 1
1312 8
821 5
838 8
1138 5
1802 5
1293 4
1484 3
1668 8
1738 2
769 7
1388 10
226 1
48 3
191 9
430 10
518 3
682 4
1734 6
1367 8
1249 5
1455 2
331 8
777 9
1140 1
1510 5
43 7
152 9
243 10
1328 1
235 1
1935 4
1335 3
305 5
115 4
709 4
709 3
175 4
376 2
1154 9
1616 1
391 4
357 8
1572 10
1812 3
268 4
721 6
946 3
1032 3
59 1
483 5
362 4
808 2
1841 5
1217 10
946 7
1235 9
1574 7
1889 3
690 6
1014 1
1999 6
1181 8
1448 8
1101 5
756 4
1705 3
115 6
1500 4
1554 4
336 4
389 5
1522 9
1238 1
1144 9
581 10
806 7
526 5
1365 4
1440 6
393 4
573 9
644 7
506 5
1371 5
1612 6
1797 2
1843 4
2018 1
928 3
109 4
40 3
1650 1
1234 9
1617 8
1631 7
1082 5
1095 5
1229 10
7 1
1140 8
1430 5
1823 1
1446 8
363 5
1986 8
1110 7
1244 3
1256 5
13 4
101 3
437 6
1736 4
361 5
1197 2
311 8
416 2
1061 9
1216 10
1160 2
1410 4
1769 4
1921 3
1276 6
1486 8
1994 8
584 8
913 3
1862 10
9 8
1670 7
708 3
770 9
1041 10
1732 4
1432 6
1803 8
1907 10
405 7
590 6
258 8
1842 8
828 1
1434 4
1150 10
1249 10
1819 6
320 3
909 9
117 3
1897 8
1080 9
1233 10
1263 3
1291 9
578 2
691 6
1065 6
53 8
488 3
1102 7
1224 2
1552 9
330 3
1057 7
1834 3
199 1
336 1
169 4
1768 5
1644 4
1040 5
23 2
1301 10
1748 10
13 8
881 9
1029 1
605 6
1853 8
1498 9
622 4
1479 9
902 8
1287 6
10 6
1424 9
202 9
1309 8
1377 6
685 1
757 5
1011 10
1018 5
1324 9
1539 2
291 1
1009 1
1177 6
1885 9
30 10
374 9
772 8
1657 5
342 9
1172 7
1358 1
398 5
225 9
193 7
128 1
807 5
1520 5
997 4
265 10
549 2
1399 6
1772 10
1773 8
124 2
76 9
1763 3
2017 7
1481 2
1634 9
1880 6
171 7
487 9
214 5
804 7
311 7
254 10
1226 3
2006 6
423 5
1442 6
1910 9
306 2
1765 7
1239 5
848 2
1312 5
1152 1
891 6
662 9
203 3
881 2
293 7
184 4
493 5
527 6
670 6
1507 1
1 1
646 3
1302 1
1494 9
1679 7
1925 9
605 3
1580 6
1193 6
1342 2
623 7
1479 1
415 2
1191 5
1298 6
1875 7
928 1
719 9
840 6
378 2
1161 3
1697 7
777 3
841 8
1450 1
1842 7
1409 1
154 6
1505 10
1596 5
756 3
995 6
709 6
810 3
719 3
1758 10
346 4
779 4
983 7
946 5
70 6
1159 10
1394 4
1575 8
1737 9
1852 6
1858 10
55 2
1971 2
1770 8
1793 3
356 6
425 7
490 5
1567 8
127 6
219 10
251 1
279 8
548 8
1523 10
1806 10
740 5
794 1
722 3
333 10
243 2
1268 1
1301 3
1469 10
1085 5
1454 8
1468 7
1281 10
806 1
1062 6
1332 10
735 8
1026 5
354 5
1088 1
1101 8
1059 10
1083 4
385 7
529 6
825 5
1154 4
986 8
539 6
224 1
1165 4
131 10
716 8
260 8
1247 5
1914 1
607 3
784 10
645 7
319 10
1519 8
1097 9
900 9
1844 6
1933 6
1537 9
372 6
1083 10
802 7
1674 3
1451 4
417 6
1233 8
1568 5
293 8
849 2
229 5
1745 9
444 8
1946 6
642 5
1309 5
1084 1
1387 4
351 4
1108 10
1507 1
890 4
1638 3
1423 6
2044 5
1 1
673 2
519 9
763 7
857 7
1019 6
1125 1
250 8
849 8
14 8
240 6
261 5
521 4
842 2
631 9
2016 4
1914 10
1684 10
1091 9
1141 4
492 10
1704 6
1646 1
567 3
1259 3
1849 6
346 1
1396 1
830 10
587 4
1370 2
1614 10
1961 2
722 8
963 7
582 5
1458 5
984 4
1857 5
447 7
858 8
1027 9
623 7
107 4
214 9
495 3
798 2
814 7
964 1
324 1
1133 10
484 5
1104 2
525 8
166 9
1963 7
1560 6
2033 7
179 7
585 10
1048 4
476 7
1750 10
1130 3
1780 1
1681 8
2012 10
208 3
694 7
502 10
1358 1
660 4
471 9
1233 5
1974 1
478 3
991 5
1998 2
144 7
939 1
106 1
1837 6
133 8
1600 4
2041 6
411 2
768 6
1071 4
1141 4
2042 5
419 1
184 4
1529 2
415 3
918 10
1857 2
507 3
1332 4
1877 2
1344 9
1686 7
240 9
217 6
428 4
1956 2
1442 9
2010 5
792 8
862 9
1612 1
1822 9
186 4
974 5
2021 2
2008 8
1457 1
1351 5
412 1
1405 10
1478 7
1782 10
402 10
516 8
853 1
1020 6
1118 7
1209 8
1377 3
835 9
1192 2
1317 9
1367 2
506 6
576 4
642 6
141 5
1057 5
1221 6
568 10
1798 9
1064 8
1794 3
190 8
346 1
79 10
207 3
1062 9
1465 2
634 1
960 3
200 10
790 6
1492 1
2007 4
643 2
835 7
102 4
782 4
1532 1
1117 6
1605 3
18 6
14 3
1290 3
1298 3
886 9
1236 10
1734 3
524 9
1047 6
1532 4
1786 10
1897 9
586 2
665 2
919 3
941 10
1095 8
1688 4
950 2
1379 10
112 8
545 10
214 4
160 9
1685 9
1441 6
512 3
933 7
1746 4
1375 6
260 7
1312 3
172 3
315 6
763 5
1274 7
529 2
1629 8
439 8
1222 5
1524 7
1920 10
12 4
1426 3
1005 8
1214 5
1831 8
469 5
1803 5
440 2
1837 10
10 6
178 7
186 6
941 8
1371 3
2024 1
84 4
766 1
443 2
1281 8
1931 2
487 7
603 7
275 7
1912 3
601 7
13 3
262 6
1679 2
1129 5
310 7
1508 5
4 8
193 7
1172 2
1036 4
445 7
1335 5
36 3
1128 6
974 2
284 5
244 4
1700 4
678 2
49 1
931 7
1977 5
1357 2
1913 7
672 2
782 5
1851 2
1280 3
22 3
1591 7
191 4
287 2
785 8
1502 2
1564 6
18 5
1274 1
21 5
83 10
680 9
517 4
1103 2
1462 7
1288 9
1311 10
1785 2
2003 1
647 6
678 9
878 3
1831 9
1681 5
24 6
1025 6
1203 7
347 6
1461 3
1863 8
105 1
739 6
859 3
1593 3
1927 7
468 4
1206 10
27 4
607 3
1837 7
982 4
2004 6
871 8
2004 8
492 6
57 5
184 8
601 9
962 4
1069 7
1199 7
493 10
1375 10
1586 2
356 4
1749 1
995 9
156 4
463 5
1359 6
325 10
496 7
823 4
783 7
618 3
1415 1
468 4
450 5
1200 10
473 5
124 3
1219 10
1388 3
1727 3
435 5
518 5
602 1
845 10
1471 3
899 10
2004 2
943 5
27 8
1633 7
159 10
13 8
249 1
597 6
831 7
1172 8
1679 1
1610 7
245 4
1474 8
1938 10
657 6
762 4
222 7
44 5
1399 5
1726 4
66 6
510 5
535 8
273 10
440 4
1907 10
374 8
503 3
243 7
1943 6
446 10
1672 10
1659 3
1299 6
811 10
820 2
211 5
109 4
1185 5
1526 6
243 9
278 7
1296 1
1705 6
986 4
399 1
912 5
1104 10
1439 3
942 7
288 3
380 9
1885 10
512 2
532 8
1093 10
1704 1
1556 2
1945 7
109 1
306 8
573 7
1045 8
1239 9
1731 8
1651 7
1257 4
1780 6
34 1
523 9
642 3
659 6
915 7
1480 2
1546 8
1570 7
1206 10
1726 6
1773 3
712 1
1254 9
934 5
1404 4
1844 2
1922 4
127 3
470 2
666 2
1007 5
1562 1
1173 6
303 9
1741 6
2047 3
1508 6
212 4
1184 5
109 6
1735 2
1997 4
1904 7
406 5
619 10
1518 5
1445 8
1724 1
1887 2
235 2
1110 2
492 10
1741 8
891 5
1681 2
1873 8
2043 6
356 1
818 7
367 9
1857 7
522 5
533 7
640 4
1123 3
789 6
1073 8
358 6
1539 4
1465 6
474 5
1542 9
976 6
1551 7
1588 1
221 8
500 6
976 10
600 1
1289 1
428 6
117 8
228 7
482 6
1101 10
1663 8
758 9
134 8
691 8
1062 5
1914 4
192 7
794 7
284 10
1971 6
582 4
1263 3
1243 6
49 8
8 3
254 9
775 10
236 7
1626 10
1922 2
1921 7
57 3
1109 10
1146 8
301 1
1704 1
1162 5
439 6
1100 9
46 9
1695 9
1927 4
589 6
1093 9
95 4
910 9
862 3
1179 10
1808 3
965 2
546 10
809 2
148 1
315 7
345 2
831 1
1822 6
1391 10
679 6
613 4
2011 8
2028 1
106 5
1018 7
1097 1
1627 2
1040 1
754 7
71 3
1621 4
807 3
1124 5
1218 9
1313 6
1243 5
407 4
1060 9
1073 9
1842 7
1058 6
1553 7
1285 4
247 1
2046 5
574 3
1607 5
1805 8
479 4
618 8
1799 1
585 1
2040 9
315 2
1609 8
1937 2
35 8
310 1
989 6
1231 6
1239 5
519 1
932 3
1354 2
1550 10
1904 1
951 9
1691 5
846 9
1960 6
1102 3
1789 10
300 6
1686 4
557 6
1290 8
803 4
1390 1
1420 7
1647 8
1977 5
2013 8
299 9
556 8
762 1
1142 5
1005 2
1906 10
1816 5
1911 9
1891 9
239 1
948 5
39 2
1336 3
1046 8
1487 4
1934 6
361 3
1087 5
894 2
1108 10
1504 2
946 4
985 2
578 1
1461 3
122 2
1353 6
232 5
386 6
155 10
327 3
960 6
1338 7
2034 8
218 9
74 9
1512 6
253 9
764 1
1031 2
1220 9
628 4
295 4
1513 4
323 7
1514 4
46 2
171 10
355 9
644 1
1369 7
1302 6
277 5
1102 5
1509 3
887 4
1418 10
388 2
481 5
1025 2
984 10
1218 4
116 6
389 6
546 3
29 5
1346 6
1427 2
1529 10
1576 10
1868 6
116 4
881 2
1154 3
1759 8
1825 5
248 5
1564 7
2035 6
1048 4
24 10
1582 6
1920 6
714 6
16 4
1550 8
1508 4
1745 2
1624 2
984 1
1422 8
567 5
1287 1
1578 1
974 9
1231 3
724 6
1109 3
1651 8
1670 9
891 2
1041 10
1044 10
1612 8
388 8
1471 2
1051 3
1890 4
1515 8
1723 8
1530 9
1954 1
543 3
1338 10
1319 3
496 5
538 4
1268 5
991 2
61 1
536 8
1015 10
1053 9
1267 5
1137 1
1864 6
680 1
1886 4
1413 5
218 10
1590 10
1683 1
41 4
298 9
1074 9
1323 4
859 1
667 6
1540 1
1547 2
1711 8
1865 9
1770 5
1422 8
1788 9
1775 7
900 10
2020 5
1556 8
1657 7
1329 2
1530 10
1853 7
319 3
935 2
951 1
663 6
239 6
1184 7
1328 10
1348 5
1196 1
1718 9
1756 1
1837 2
413 8
1925 2
52 8
580 8
791 4
857 5
578 4
1880 7
1105 6
622 5
579 6
1015 7
533 10
888 10
1715 10
1918 4
456 10
504 9
507 4
636 4
808 8
1080 10
698 6
577 9
571 9
682 1
196 9
687 4
554 6
1498 10
447 7
521 10
591 6
1195 3
1499 1
410 3
863 2
1480 8
230 6
287 10
926 9
1138 10
1188 8
1038 2
316 9
1601 5
1922 1
2001 4
560 5
789 7
1783 8
21 9
451 2
35 7
1975 3
1075 4
1656 1
1589 10
45 3
809 7
213 7
650 10
326 8
1747 4
481 1
940 7
958 4
990 8
1860 10
1240 4
1795 8
45 7
1461 10
195 7
991 6
1060 8
1339 6
634 5
1084 2
1115 6
1262 1
791 1
1940 7
1197 9
80 4
657 3
1641 5
1316 2
1531 9
1810 7
1228 1
1061 3
2014 2
1023 6
1246 8
1070 3
1178 3
1527 1
20 4
223 9
300 1
597 10
706 8
746 6
1686 4
1109 9
1362 3
1697 3
1915 9
1039 9
723 2
497 9
613 3
341 8
1483 6
74 9
635 7
2026 6
1494 7
1085 4
1329 10
1465 2
1677 9
1826 5
1733 1
335 10
1817 9
336 3
1215 1
758 5
1302 4
1444 1
1547 5
2042 3
115 5
421 7
914 8
1512 9
1072 2
482 4
952 4
1129 6
1178 3
892 2
1538 3
1655 1
1712 1
1073 7
1559 8
2 1
1213 6
1335 10
1570 1
638 4
1518 8
1522 9
1563 1
93 5
352 1
413 4
501 7
1113 10
1608 4
412 5
1137 3
820 7
1321 5
1518 4
1634 4
1884 9
1999 4
1127 1
1255 6
1296 4
1864 3
1605 3
723 3
717 2
1586 9
1707 4
1799 4
1806 2
1994 1
3 1
637 7
654 8
946 10
1677 6
965 1
1812 2
1328 7
1440 8
1026 5
567 2
1549 2
1706 9
1895 6
1907 9
522 6
608 1
825 4
921 3
621 8
302 6
1459 10
262 10
1420 10
1894 1
682 1
989 6
257 2
280 6
1995 5
1859 5
408 6
622 3
674 10
804 1
861 9
1889 3
699 3
366 9
1116 8
1149 5
386 9
2027 2
381 5
1426 7
508 6
278 9
1017 10
1496 2
163 10
376 1
1197 10
514 10
1124 5
1084 8
762 1
737 1
1183 3
1442 2
1616 8
44 6
910 7
1239 6
387 3
1960 3
258 9
798 8
731 8
275 4
998 3
1907 2
1738 6
1987 10
969 7
1705 9
1288 2
162 4
1373 1
1591 6
172 2
1576 3
460 10
871 3
1172 9
9 8
913 7
353 2
869 5
809 6
890 6
1634 4
323 6
619 6
660 10
952 3
1266 3
755 7
49 3
1509 10
983 10
997 7
520 4
383 1
1860 7
835 8
319 3
1301 5
1444 5
1491 2
1689 7
1001 10
1457 4
80 2
189 6
673 3
1270 4
132 6
805 10
1824 10
1551 9
1845 6
2 9
249 2
1117 9
980 3
2021 7
530 2
680 3
1729 1
386 4
512 6
1050 6
557 10
1665 4
1435 10
1620 1
1506 7
1446 9
1352 3
1613 6
175 6
359 2
831 7
1089 1
1274 10
181 4
1888 4
1304 7
1995 1
1447 8
1576 2
1679 8
290 8
415 2
656 7
1272 2
458 7
1521 6
1293 10
1838 3
127 6
332 8
379 1
428 10
883 4
253 9
424 8
2034 9
334 6
651 2
748 4
1018 9
837 7
948 2
109 5
386 1
1139 10
1166 4
211 1
1516 8
266 2
800 4
2027 4
1379 3
1654 6
1728 3
676 8
1481 2
198 2
13 9
1573 9
458 8
1066 1
1192 5
1299 10
1667 10
1482 7
1089 3
1403 10
6 5
1248 3
776 2
1986 6
1580 1
1807 3
3 3
2041 4
1917 9
1554 3
1663 2
1829 1
1896 7
391 8
530 7
1030 3
1252 7
1266 10
161 4
121 4
1678 9
1954 5
568 9
850 5
1286 6
800 1
1996 7
1943 5
401 1
573 3
663 9
864 8
1861 1
1867 10
407 9
463 10
601 6
700 3
611 1
695 8
1542 9
1866 4
859 10
1032 7
1128 2
2022 4
1523 3
458 10
102 5
419 2
1658 2
239 10
396 8
768 1
1167 9
1488 5
850 1
506 7
658 1
1382 7
1779 4
261 2
869 3
1949 7
221 10
1638 6
294 7
955 4
1258 6
1818 2
1751 7
1928 7
23 2
1753 9
1274 5
1911 5
711 2
1490 4
1492 2
1680 1
453 4
296 2
54 2
2031 7
730 7
1567 10
180 5
1405 8
1596 8
1613 1
1847 9
1977 8
536 3
628 3
1067 8
1170 5
965 9
1464 6
973 9
1327 3
671 7
958 3
188 4
1829 9
1250 6
1243 2
1883 8
242 3
496 2
2009 10
674 4
1431 7
1570 9
1669 7
303 7
889 5
482 7
827 3
1780 1
198 7
483 3
1194 2
536 2
1423 10
1419 10
1162 1
1382 8
1118 1
1653 10
1865 2
537 3
368 4
1204 6
1878 7
472 2
822 1
899 5
939 4
1067 2
22 7
1526 5
91 9
80 9
518 4
1546 3
67 10
1464 7
1406 5
531 3
552 6
1291 3
1711 5
2023 9
990 4
1790 4
157 1
1019 4
1046 5
829 7
1543 1
1637 5
1993 5
1700 8
459 5
488 2
898 6
426 6
8 1
1704 9
498 4
616 8
873 5
1098 4
920 7
1781 2
390 4
1754 1
260 6
88 2
692 9
361 4
684 8
1087 8
914 4
1172 2
1410 7
247 2
1538 6
1793 3
48 8
88 2
380 4
1255 7
241 10
1531 6
180 1
780 1
236 1
1155 2
1839 5
824 7
1099 5
1688 3
626 6
1187 3
519 8
1509 5
1535 2
333 10
255 8
712 3
1713 5
1929 4
1316 1
2045 2
1702 1
850 3
1498 8
1549 5
557 10
273 3
338 10
293 8
1183 6
1203 10
459 2
100 3
1515 10
1635 5
8 1
509 7
1078 5
194 6
396 1
158 2
1116 6
1172 3
1960 9
1630 4
415 6
161 2
328 6
139 3
627 4
727 10
1333 3
1181 10
1967 6
78 10
1880 9
1936 5
1393 4
2007 8
404 1
474 9
92 8
1594 2
1963 10
1358 8
1808 1
1470 5
1344 7
2 10
291 9
636 5
969 6
1036 3
1619 7
1687 8
828 4
818 6
475 4
251 2
201 7
670 8
295 10
718 10
1024 7
402 3
540 7
1812 9
1919 5
313 8
511 7
40 2
244 1
916 1
863 2
1423 7
681 1
845 1
945 1
968 5
1149 4
1750 6
1898 9
283 4
987 9
1086 10
1906 2
1206 3
1032 1
882 9
1526 9
1390 4
443 6
344 3
1394 8
1689 10
55 7
1389 4
824 2
2026 1
1246 1
37 8
153 5
1237 10
1831 6
182 2
1634 7
1565 6
332 1
435 5
660 5
411 3
496 5
1614 6
1783 3
414 1
1893 9
995 3
1380 4
1002 2
1843 9
1133 4
1406 4
1389 8
1950 2
83 4
701 10
1075 4
747 6
1892 2
983 5
1155 1
1398 3
750 2
912 5
1551 8
407 5
546 10
580 8
879 3
1848 5
1587 10
2019 3
59 10
318 8
340 1
826 10
853 3
1396 3
1713 2
1938 3
625 6
733 1
1120 6
1210 5
2015 1
687 7
232 7
1901 2
60 7
509 3
13 7
1586 9
1642 4
923 8
1797 9
1576 8
1967 5
39 4
115 3
1807 2
516 2
657 10
1056 3
578 7
1837 3
1335 10
1583 7
1642 3
1779 9
1220 4
434 2
1877 2
174 6
68 7
1425 10
848 8
1171 10
588 10
1590 8
238 6
1350 8
1394 4
29 8
1419 1
1361 5
709 10
779 3
615 4
1409 3
1429 6
1982 9
558 3
2002 10
995 8
1637 2
718 10
1131 1
1407 3
931 1
33 2
2043 1
1104 4
1367 7
1755 4
1448 9
321 10
1696 4
1782 7
249 3
1499 2
1047 5
663 4
960 7
87 4
673 10
997 10
1432 3
841 2
1045 3
424 8
863 6
965 8
1269 5
1071 1
1982 6
1601 7
1637 10
1448 8
520 10
583 9
922 1
283 1
385 5
806 7
555 9
1959 1
1986 4
341 2
423 8
798 10
1205 1
1595 6
1697 6
806 8
54 1
797 6
579 10
1455 5
1943 1
640 4
1600 3
1459 8
1760 4
698 9
914 4
1256 10
1633 8
1787 5
1966 8
1996 4
1406 1
1357 10
1469 3
2027 1
1724 9
279 9
1246 7
1830 2
1306 10
947 3
1066 10
1520 2
91 7
150 7
1830 6
1982 2
809 3
1262 8
1271 8
904 1
57 7
198 7
1584 10
1783 10
687 3
716 5
1357 10
1386 7
1150 6
1665 10
771 6
799 8
1115 9
47 5
556 4
1486 10
1649 3
790 4
1404 10
724 3
307 7
423 5
615 10
1185 3
1309 7
70 8
79 7
1258 2
1795 3
979 9
1077 1
33 1
437 2
1042 7
576 8
1760 10
460 9
1684 9
1407 6
1479 4
1619 4
466 9
554 1
1101 5
962 5
1662 3
652 6
1355 7
548 3
457 8
1107 6
1412 3
303 10
1547 4
1519 6
1904 4
237 9
1655 6
475 6
977 6
1108 4
1626 1
951 2
695 10
375 10
709 4
15 1
1326 10
1006 5
891 2
1626 9
2045 8
66 5
184 1
420 2
438 9
1019 6
1851 5
1919 8
524 3
1515 8
1625 8
174 10
1522 4
25 6
252 2
279 5
846 2
392 3
1488 4
1216 3
341 1
344 7
381 5
343 4
1304 8
1907 3
68 1
1098 6
79 4
298 1
1182 6
1654 7
2023 8
151 2
1123 6
1168 9
965 6
1312 2
866 10
1 1
282 8
1041 1
282 6
1606 9
1957 8
119 3
652 1
1296 1
1321 5
245 1
111 10
1576 8
1494 9
1223 8
1509 2
1460 7
743 7
1102 8
1327 9
262 5
1529 3
1646 2
1902 8
1450 9
1328 8
1024 6
87 6
1652 9
13 4
858 9
1006 2
1095 8
1410 9
1413 8
467 3
1608 2
1710 9
207 4
1916 4
382 2
4 3
651 4
609 9
709 3
739 7
813 9
1131 1
1447 9
508 7
248 4
1981 9
1666 6
1860 10
1879 3
27 1
218 5
1146 4
1058 6
1651 6
944 3
1719 4
970 3
1482 5
964 3
1478 6
792 2
885 8
980 1
1480 9
1743 10
1800 1
35 8
758 6
1138 8
623 5
245 3
1688 8
1056 1
1991 5
1087 2
1416 5
18 4
802 6
1047 4
323 6
241 7
1170 1
1322 4
284 9
144 1
38 5
1835 5
1734 4
744 3
1042 8
1157 5
747 6
411 8
461 8
588 2
806 9
1044 8
1306 10
207 1
1960 10
472 7
1417 8
1866 8
2002 6
5 8
437 10
789 4
1987 1
1445 7
1772 7
1872 5
1973 1
173 2
293 7
390 4
1250 3
1285 10
1199 3
116 5
699 7
1669 6
1827 8
8 1
1197 7
531 7
326 1
111 1
237 4
1647 8
774 10
802 5
807 8
1361 7
1351 6
488 10
334 2
598 1
690 4
700 7
965 2
1294 2
1226 6
330 2
592 5
1175 2
1850 2
369 9
704 6
834 2
1621 10
1485 1
495 8
1807 6
457 2
741 2
850 5
322 1
1645 6
1649 5
485 8
1138 7
450 7
750 9
420 10
1419 3
1137 10
1935 9
311 5
1592 6
1744 8
504 6
1382 5
223 7
668 3
1584 8
1207 3
817 7
2046 10
1993 2
1264 2
1712 9
814 7
987 10
490 10
1683 3
852 4
987 6
426 5
186 8
1544 3
1564 7
1769 6
1943 9
419 9
942 9
1953 3
1209 8
1577 7
1837 3
1051 10
122 2
1609 10
1811 6
33 1
1072 1
760 7
1824 9
40 9
1033 10
406 1
1764 7
866 2
889 4
1452 6
1171 7
1667 2
1738 6
1893 9
1481 3
304 7
426 7
627 6
952 8
1129 1
1429 4
2036 10
1114 9
1824 10
817 4
1004 3
1219 2
1453 9
1814 5
1280 8
263 7
1536 3
1121 2
1334 2
742 7
1478 3
927 6
194 10
199 7
1335 7
1452 5
514 6
227 5
961 7
802 10
1067 1
479 6
996 10
1292 6
78 2
931 8
78 2
1085 3
1607 1
1793 7
888 2
1466 1
1595 8
1904 2
1018 9
1646 2
1896 5
143 5
309 3
468 4
508 5
524 7
1105 8
1710 7
1424 10
99 9
1938 4
272 9
312 6
1248 4
229 5
855 3
1344 5
1438 4
1891 3
1520 1
1917 3
606 3
707 9
1071 7
284 10
1673 7
1499 4
1748 2
316 10
812 2
1348 4
399 3
571 2
1723 7
111 5
310 1
787 7
1321 2
1714 7
1963 2
58 8
290 2
1176 1
1348 2
1696 9
1563 8
1906 2
42 1
411 9
493 7
1747 8
1952 9
718 10
1675 9
1954 2
400 8
730 10
984 3
1293 7
1445 9
1127 9
1005 5
843 8
792 10
186 6
203 4
217 10
429 3
1032 5
818 4
322 7
1720 10
1794 6
1988 8
255 3
20 6
279 3
400 7
1310 2
2020 2
1070 6
1781 9
1917 4
1042 2
1114 9
562 3
1279 10
1373 8
1905 8
1967 3
567 8
1280 1
1411 2
823 8
974 6
1489 4
1865 5
1861 8
1062 1
238 3
1096 4
313 5
1740 4
100 1
1912 2
49 3
8 5
24 2
399 2
779 8
959 6
1196 2
1944 5
505 7
1739 7
128 3
1562 3
1048 5
1888 10
91 5
630 8
797 3
251 7
524 1
1249 2
1809 4
1513 9
993 6
1065 4
1131 10
828 4
1766 10
61 2
1327 7
109 9
685 1
1590 5
1957 8
4 1
1127 1
1150 1
142 1
620 10
1747 6
1865 7
120 2
1222 6
1261 4
1191 5
1995 2
19 1
1256 3
1445 2
180 8
1319 10
1371 5
1941 3
1088 5
727 1
1063 6
1618 5
282 2
870 3
1701 5
1825 3
788 1
1297 9
1253 6
452 8
1812 8
554 8
1254 4
1539 10
1504 9
7 10
44 4
316 4
1063 10
1254 4
879 10
757 1
2043 9
561 7
1265 8
1375 10
522 8
520 3
1436 8
305 10
44 9
488 2
553 4
686 9
812 4
1332 8
925 2
275 5
1551 9
1846 9
665 3
681 10
116 6
635 7
1603 9
1968 1
703 9
1223 5
1300 8
1301 4
1991 4
1834 1
1903 10
748 4
1143 8
1432 6
250 8
954 3
1421 2
1488 1
1119 5
1815 5
1936 9
1329 6
1802 7
1974 5
633 3
416 5
1097 9
1300 9
995 5
938 3
1437 4
2000 7
511 7
518 1
754 5
1136 10
210 5
1342 3
1758 10
1184 7
835 4
655 8
844 8
879 3
1048 8
1785 2
382 4
1360 5
755 5
1388 9
1214 6
426 8
1733 9
2014 2
123 3
1963 6
488 7
1290 1
1545 10
1678 3
617 8
859 3
529 1
791 6
1841 3
397 2
1446 3
393 6
1165 2
14 6
1258 10
1647 5
1913 8
280 9
1265 9
1272 10
1881 2
1617 2
1649 9
296 6
960 8
1369 6
918 3
1288 9
1035 10
267 8
1684 7
1951 5
1020 7
1177 1
615 4
7 8
1180 4
252 3
933 7
853 9
1578 7
221 4
367 5
1371 2
1997 3
2011 3
1939 9
227 8
816 6
879 8
908 4
1480 3
162 10
1728 7
2022 10
368 6
1145 9
1782 4
2008 10
1903 2
1368 6
1298 3
195 3
300 5
1750 8
833 1
1117 2
1226 4
1513 10
2040 1
1740 4
826 10
1270 1
170 8
504 9
146 2
1819 1
1871 4
424 4
906 3
2017 2
668 1
569 8
1669 8
302 8
563 6
724 2
1227 9
1341 9
1042 7
116 4
306 6
1602 2
1363 1
763 6
540 10
1646 5
36 10
207 8
438 5
1473 3
1640 1
723 3
1655 7
382 2
750 1
977 6
1527 10
974 10
541 4
1219 8
1361 3
133 3
1918 4
640 10
1432 4
1296 5
91 7
1669 5
1270 2
509 9
173 8
146 4
215 8
1063 9
165 3
1305 2
1373 5
1653 3
1261 8
1243 10
1624 9
1940 10
2040 6
550 2
1323 9
1516 9
1396 8
349 6
1611 8
1227 7
1667 8
1715 2
1993 1
1110 9
295 9
1240 7
158 10
1892 10
1737 6
853 9
1096 4
1337 3
2014 8
1838 9
1915 2
903 3
801 2
43 2
43 8
1217 2
1272 8
591 9
25 6
1623 3
1710 7
308 9
926 9
322 2
1936 3
893 2
741 7
760 4
967 8
1032 6
140 2
1938 10
967 3
46 1
277 3
1299 8
1586 10
1764 8
1815 1
1049 3
707 10
1160 6
25 8
876 4
498 10
147 8
228 7
1641 9
1565 8
1578 9
1660 9
886 6
1221 1
1503 3
119 10
1701 6
1668 1
522 9
1492 8
1300 1
307 9
1196 6
1259 7
1473 7
1784 8
908 4
1739 6
2004 3
47 6
2022 9
1391 6
1561 8
1664 6
1994 8
384 9
411 6
1688 1
5 8
229 7
953 4
1135 8
1350 10
1996 8
1759 5
1040 7
589 4
1146 5
722 1
1756 1
142 1
275 4
278 4
625 2
1759 8
780 2
1053 6
1068 3
1219 7
1663 2
368 7
1355 9
1299 1
1805 10
352 7
689 4
2034 9
300 3
455 5
1036 2
2008 5
1091 10
1575 6
618 2
261 1
851 8
500 4
1334 9
469 2
734 2
248 3
1093 7
1735 6
1744 5
384 2
505 9
252 2
1572 6
869 2
1133 8
1581 9
939 2
1401 8
1445 8
853 8
1328 2
1258 10
1316 3
154 9
744 8
785 8
814 7
147 6
1474 7
1949 5
1533 7
1561 9
1670 3
327 4
1262 1
1711 10
1893 3
70 7
425 8
495 10
663 10
1790 7
1932 9
110 5
667 7
1128 6
1336 1
794 9
431 10
836 1
682 9
296 1
528 5
1575 9
722 6
283 5
727 6
696 7
1593 4
1260 6
1745 3
1809 6
37 4
454 4
714 8
743 4
760 9
870 6
1707 8
1403 7
810 9
625 2
361 1
440 7
1470 8
1422 10
1608 10
1960 3
33 8
174 2
610 7
1631 6
1013 3
1625 9
1203 2
1559 10
1028 8
96 9
1400 9
1303 9
85 2
371 10
542 7
1397 10
1601 1
654 9
695 8
1877 3
1772 8
1935 9
111 10
353 4
1227 1
984 2
238 4
348 2
411 9
1283 10
172 10
1828 3
759 5
1269 10
1405 8
1506 5
913 7
737 8
1745 9
989 10
1028 4
1316 6
1195 7
841 1
880 6
958 4
1654 3
548 9
1469 6
838 5
389 1
573 1
1200 3
1582 4
448 10
1719 4
101 7
426 10
1381 2
1082 4
1698 7
1627 7
94 1
99 1
125 1
1415 6
1485 8
127 3
332 4
301 8
629 2
449 1
1131 5
1350 8
90 2
602 1
396 3
931 7
1620 9
1764 3
62 10
251 2
404 10
818 5
967 3
439 3
93 7
197 2
880 4
771 3
1006 1
152 6
1778 5
705 5
1164 4
1417 3
43 8
1720 2
1413 7
1587 1
1787 7
320 7
1281 5
640 8
1804 9
1861 3
1542 2
82 10
404 6
1517 9
1799 1
665 8
1016 2
1718 8
209 1
1178 3
1302 3
1048 5
115 1
917 1
1668 8
1443 9
989 3
289 2
1870 5
1990 6
99 9
626 5
726 8
164 7
1241 5
639 9
1484 1
944 7
1301 4
1448 2
1584 10
676 3
984 7
1475 10
1242 8
534 5
382 5
100 8
114 10
420 8
655 5
1209 7
258 5
745 7
924 1
927 2
1551 8
634 4
974 9
1649 6
1819 1
1012 10
1169 1
1264 8
279 8
1730 6
1099 6
517 4
1728 2
206 10
839 8
961 1
1327 6
1894 4
1350 1
305 7
324 8
433 10
582 6
675 1
804 3
42 4
1155 10
1392 6
821 8
255 9
307 6
636 7
45 8
761 2
173 1
2026 5
14 6
112 6
132 5
510 5
1091 1
1797 10
1312 8
589 4
501 4
97 9
1100 8
1530 2
1510 5
366 6
1073 7
1840 4
133 10
828 1
1383 7
60 10
990 6
1429 4
12 10
1597 9
1326 1
1684 5
551 8
611 4
1466 10
907 5
96 7
1061 9
1238 4
205 9
445 4
693 2
73 8
1031 2
151 2
1747 9
266 9
1730 9
1556 3
618 7
629 8
1826 3
1874 2
318 5
1262 2
1550 9
928 6
100 1
587 7
1437 8
781 10
724 10
1585 9
1037 7
1232 10
1434 1
1729 6
861 9
1941 4
1435 9
201 6
1238 2
997 7
32 6
1594 7
893 2
62 7
1027 6
1000 2
1184 8
288 4
1775 9
115 6
1377 4
1796 2
1651 8
1650 3
956 7
1585 6
608 10
1100 7
1969 6
383 5
2015 8
74 1
609 6
1063 9
937 2
681 8
238 8
501 9
1069 9
1208 7
754 4
1418 8
1987 8
1791 4
1843 3
442 6
497 5
1318 4
1391 7
391 8
1121 9
1301 4
1833 6
810 6
1375 5
543 9
317 9
617 7
1934 10
133 3
1080 5
1983 5
61 3
160 8
125 4
1012 5
1070 7
1363 5
1413 10
1964 1
168 7
1408 2
1895 3
274 4
746 1
867 9
1150 3
1346 6
1974 8
479 4
176 3
120 3
33 8
1074 6
1995 3
312 6
338 7
1027 1
1544 1
78 7
2045 6
428 10
449 2
997 5
1071 2
1288 5
1561 9
431 5
752 5
958 4
689 2
1403 3
992 2
1400 4
1908 3
1797 2
529 2
1877 3
467 2
1112 4
346 3
1981 8
953 8
1663 3
1467 6
854 8
802 1
1709 8
394 4
1023 1
1154 1
1485 2
1543 5
1446 2
551 2
2037 2
477 1
1529 5
1246 8
1463 8
1993 5
394 4
1687 6
48 6
100 8
937 4
1424 3
1467 5
1611 6
1530 9
1100 1
82 6
1630 3
563 4
1722 8
50 10
842 8
1218 7
1451 6
1630 8
1263 8
762 3
1921 8
1447 9
2026 6
1789 2
244 1
1358 10
1549 3
2015 6
213 6
1773 3
1867 8
2045 3
322 3
1441 7
1592 3
1333 6
1762 8
72 6
485 7
1433 6
1042 7
1018 9
1544 7
1298 1
1891 7
1949 2
876 5
931 10
1283 1
1867 4
352 4
714 5
224 10
1118 5
1272 7
805 9
373 6
628 2
782 7
746 9
1343 2
1968 3
585 1
1213 3
1835 8
505 9
102 2
624 9
658 2
695 9
1561 9
592 3
342 6
1005 6
450 9
754 4
874 10
1430 3
94 10
1035 7
1979 6
373 2
1016 2
1229 8
1570 2
503 8
1700 7
1337 2
1644 3
1565 6
400 4
1834 6
1778 2
1326 4
1423 10
724 7
1708 10
317 6
451 9
1001 4
1450 6
881 6
338 5
296 7
1988 4
1335 10
1478 2
609 3
1551 8
256 1
1562 1
1605 8
1085 8
503 1
591 6
646 8
879 4
1547 5
1075 4
1461 6
1355 7
1541 8
1106 7
1578 3
11 3
1263 9
1934 6
1941 4
189 6
563 8
392 2
220 8
229 2
1699 10
1996 8
633 3
938 5
941 6
1213 10
90 2
241 7
467 4
896 3
1489 7
932 7
1891 8
687 8
808 1
1972 6
346 7
1145 3
872 1
1493 9
1842 9
93 3
69 2
925 2
1012 9
593 8
909 8
874 7
1065 10
1294 9
1304 6
378 5
34 6
2 3
1338 9
1527 3
417 8
1128 7
1190 2
1209 1
609 7
1328 8
1762 3
646 4
403 8
966 5
1348 1
2033 7
870 3
1998 7
439 3
677 9
904 5
1224 2
1161 8
1198 5
261 1
22 4
69 7
1472 3
264 5
1269 1
650 2
974 9
1429 9
1620 5
1153 10
360 9
1531 7
859 6
142 7
773 10
1182 9
1918 9
88 6
77 7
809 9
434 2
571 9
1167 7
1245 4
1291 4
858 3
1838 6
200 4
953 7
1383 8
657 8
1648 6
412 9
473 6
1784 2
1821 3
45 7
1181 4
1371 3
1454 8
193 7
879 10
1566 1
77 4
1709 7
858 6
1322 7
72 9
1389 10
1988 8
140 4
355 5
839 3
1908 9
469 4
1734 4
326 2
1716 1
1244 5
1891 4
221 10
718 5
1027 4
395 6
288 6
614 8
2030 4
1922 2
1693 7
1693 7
2021 2
268 8
898 8
399 2
1067 5
226 9
1054 7
970 10
315 2
1234 9
1045 8
45 8
693 7
1492 9
187 9
1410 4
767 7
712 1
1415 6
1291 3
473 9
1130 7
1757 10
220 1
1594 7
453 2
10 8
1768 5
493 6
949 3
499 7
1671 10
722 1
2037 7
1861 9
30 6
168 2
697 10
931 1
1663 7
1363 8
1193 4
75 7
284 3
162 4
1562 6
670 4
1511 5
80 8
1836 9
1373 1
623 2
784 10
1876 5
816 6
1850 10
613 7
1708 2
506 6
1154 6
1217 1
1233 1
766 10
1364 9
1935 8
1846 3
1096 3
1215 6
1315 9
494 6
805 9
875 2
1021 10
2033 10
1029 5
1305 9
148 7
1583 8
1303 4
410 1
379 8
391 2
564 7
731 6
805 3
1703 2
189 9
1665 10
1857 1
1958 8
1873 2
1688 7
1645 8
436 6
1891 5
1979 3
829 1
1486 7
1556 7
1448 9
1362 5
1270 8
1578 10
1471 9
1298 1
48 4
1985 7
1825 9
197 8
1398 2
313 9
1372 5
371 10
1491 7
53 2
411 7
1277 10
1551 2
156 7
277 5
184 2
1803 10
41 1
234 4
677 3
1690 1
519 3
1862 10
178 10
1726 4
534 2
792 9
666 1
1761 3
1911 4
1604 8
297 7
1274 9
1813 5
1875 1
1593 4
1451 4
698 10
111 3
328 10
570 1
1600 2
792 5
1495 10
464 7
420 1
81 9
1823 9
454 9
704 6
1034 7
1650 8
312 5
512 3
804 4
952 3
1265 8
1747 3
557 4
520 2
1490 7
32 3
525 3
1739 6
1223 1
1419 9
1757 2
638 2
379 2
67 3
347 9
445 1
1079 5
1717 4
780 4
1892 9
1219 6
1210 4
1930 2
1206 3
1878 7
1892 9
615 8
1536 7
213 6
1612 2
1333 3
511 9
539 9
1325 1
1626 6
812 2
1043 2
1805 10
628 5
1612 6
1623 9
1083 6
1875 4
1732 9
1218 8
416 10
987 9
2029 6
1107 4
1730 9
158 5
154 10
257 2
1295 1
1526 9
1882 3
1003 1
1971 2
1900 8
215 3
1087 6
1690 4
1457 4
1179 3
168 9
1066 4
2041 5
289 2
798 1
1026 5
1222 2
1574 6
349 5
1103 4
88 6
822 7
1944 1
1133 9
697 9
1553 6
1870 7
82 5
1072 5
1315 6
1478 6
1085 2
261 5
121 5
288 2
1010 10
1724 6
1502 7
1981 8
1564 6
821 5
1831 1
198 6
413 6
1500 4
1539 4
130 4
823 1
851 7
1224 8
70 5
341 9
1221 6
369 2
1788 6
1949 6
255 5
296 5
323 7
832 8
1055 4
1076 9
977 2
601 5
921 5
1037 3
131 2
1453 10
983 10
1880 1
144 1
423 7
588 5
594 9
1469 8
1079 8
1083 9
1574 5
1761 2
612 10
1148 9
1261 2
1590 9
1582 3
612 9
1183 4
990 9
253 3
473 6
549 7
1493 8
1723 3
1284 4
782 6
1622 9
1507 6
720 9
1489 2
41 2
1113 10
108 7
169 7
1204 1
680 3
448 6
646 8
255 3
1071 8
1161 10
1387 6
814 9
315 9
1031 7
1538 8
1965 8
364 5
1347 7
656 7
341 6
172 2
1813 4
228 1
385 8
837 7
168 8
248 1
470 10
824 3
1347 9
235 10
325 2
240 3
89 2
982 7
1365 1
2021 7
407 3
1808 9
2046 7
571 1
1410 4
910 2
98 10
334 10
344 3
1911 8
136 5
276 8
750 6
1275 1
722 7
253 2
1568 1
240 5
603 7
1004 1
1725 2
1697 10
1827 2
688 9
322 3
713 1
1132 10
1523 10
958 2
487 9
1259 8
1567 5
1569 8
1079 1
199 6
360 2
1428 10
209 7
1417 4
343 3
408 6
1717 3
1744 2
2027 6
1654 8
1679 3
701 3
311 7
912 10
598 6
1763 1
381 7
1121 3
1762 1
395 9
516 2
1477 7
1559 8
2032 4
328 10
1597 3
166 9
1124 7
1875 7
39 2
645 9
556 8
1505 10
683 1
825 7
536 8
1112 5
1698 5
369 4
787 4
178 3
1105 4
396 9
1473 6
1891 3
157 7
827 5
1134 8
1271 5
366 5
2027 5
694 2
629 5
765 1
819 3
664 10
21 4
1896 9
449 5
1587 8
1460 7
2029 2
1120 10
568 3
574 6
1068 7
1120 8
1653 3
1219 3
640 5
179 4
669 7
283 9
313 7
723 8
907 5
1629 9
152 6
1271 7
172 1
613 9
162 2
864 6
117 6
168 4
201 7
1036 3
1780 8
522 1
49 8
532 5
1664 2
1599 5
1859 7
1344 4
1403 9
111 1
228 3
237 2
865 1
1161 1
1777 8
693 1
1356 1
1218 6
312 2
1953 1
2008 3
148 6
688 3
1365 2
1789 5
1497 9
724 7
588 3
700 8
1537 4
53 6
1171 10
1410 7
1282 8
284 2
1392 3
1422 10
332 10
671 9
1564 8
1037 2
6 5
1687 2
981 1
77 8
1525 2
993 9
1197 2
885 2
676 1
565 9
1180 10
1945 3
17 6
2000 5
485 4
488 5
911 6
1601 7
1418 5
768 1
909 4
280 9
204 2
360 8
675 4
1033 9
1271 9
1985 3
1853 5
1741 6
1958 2
1978 4
480 6
955 10
1245 10
1781 5
565 6
1652 2
840 1
182 9
1881 5
1579 7
337 3
1058 8
1810 9
1362 4
91 9
158 5
1030 6
1633 4
674 2
156 4
439 5
117 1
774 5
1946 6
45 5
1134 3
1368 3
2037 3
943 2
864 4
1484 7
919 2
1174 3
1495 6
277 2
739 9
215 9
745 5
1285 8
449 2
247 5
1427 3
2046 8
173 7
910 5
918 8
1630 2
53 4
570 3
1937 4
830 10
1401 9
1616 10
1643 2
1099 2
1024 1
1852 9
8 2
50 9
1174 9
2021 9
530 9
491 2
1831 9
29 5
1242 1
1603 1
1073 5
1303 4
1912 10
111 2
576 1
1453 1
819 5
146 7
997 2
1992 3
1841 10
455 3
1085 5
1521 7
369 6
744 8
792 6
470 9
85 7
445 7
1107 8
1186 5
1715 10
1888 6
766 4
564 5
612 8
1061 2
1602 9
257 9
660 9
59 10
358 2
788 9
1067 2
1729 10
1241 8
443 2
1570 10
1925 9
4 8
143 8
161 3
1003 3
40 5
1303 2
910 3
1136 10
1959 9
994 3
1402 2
1336 3
1466 6
62 10
232 3
1236 3
1382 1
1754 9
345 7
651 6
1986 5
1504 4
1582 6
1922 10
1925 2
920 4
311 2
1051 3
1790 9
1980 1
2030 8
1288 7
1924 10
161 4
555 4
36 3
302 10
1475 6
1304 2
1385 9
1512 8
295 9
79 7
1091 3
154 10
35 9
946 2
1751 4
1718 5
457 5
852 6
1480 5
236 8
46 6
645 1
741 10
822 2
1520 5
1559 1
909 3
316 8
42 7
542 8
1247 5
819 1
144 6
1928 5
206 8
969 2
1295 9
1932 6
93 4
672 6
737 9
370 2
1346 2
675 10
432 3
1540 1
439 9
1611 1
435 1
1108 6
213 9
483 8
726 1
136 8
2001 6
916 10
1687 3
748 2
580 4
943 4
1169 9
1237 6
1983 7
688 6
1968 5
805 5
1102 1
1721 9
424 10
667 7
1323 10
1476 9
1917 7
1479 10
2035 8
532 6
265 2
566 6
1259 5
732 6
920 1
1712 9
1511 3
1295 5
122 10
1623 3
58 9
120 1
256 1
724 4
1757 2
1075 1
722 5
2039 8
1461 8
429 7
896 3
1589 3
850 7
782 3
977 10
1956 2
1971 4
118 4
140 8
1353 9
775 6
1057 5
1337 1
97 4
147 7
829 10
1420 2
812 10
1421 6
231 9
827 10
936 3
1198 9
1391 6
391 10
1798 9
1185 8
1739 1
118 9
330 1
377 6
495 4
654 3
2044 3
807 4
624 4
725 1
878 4
928 9
410 6
1885 3
1634 6
627 10
302 1
993 5
1111 3
1518 1
1664 6
782 10
54 6
2001 4
1871 5
540 8
729 8
1457 5
1659 8
1835 5
1835 5
2042 1
56 4
568 5
1701 9
1164 6
1186 10
1201 7
1275 2
1403 3
515 10
1474 3
1554 9
1686 6
1329 3
448 4
883 1
305 7
1370 5
795 9
614 6
1618 4
456 9
1879 7
703 3
1093 5
1801 10
653 9
275 6
1528 3
307 5
1931 8
1944 1
1108 8
1131 7
1240 7
1675 9
787 7
290 6
2009 7
699 4
988 10
1003 2
1099 4
1393 9
1633 3
88 3
387 3
456 1
1144 6
1220 2
1850 7
1323 6
173 9
509 5
572 10
673 1
1704 3
1516 9
2017 5
1084 6
1350 9
269 5
1996 2
1022 5
2025 1
33 3
203 2
1030 8
1397 5
816 8
774 5
1885 2
1981 5
397 10
742 3
1154 6
324 10
1703 10
1844 7
1465 2
350 6
714 3
1950 3
1195 2
1436 5
558 7
207 5
755 3
29 3
790 7
1797 9
1133 6
2 5
991 2
1114 8
1788 5
89 7
540 6
952 5
1272 7
158 10
302 10
596 7
122 7
1026 10
447 1
49 8
299 3
335 9
788 5
2016 7
2010 10
2034 2
607 2
721 9
10 7
367 8
332 1
256 3
994 10
1058 1
1166 2
1708 1
1225 7
1157 5
649 6
67 8
86 5
488 6
490 2
1133 10
359 3
2002 6
1307 5
1778 7
1902 3
579 1
589 5
927 7
1285 10
1450 10
1320 7
366 7
1602 3
1499 8
1340 1
1699 9
284 1
1106 10
403 9
1716 10
186 2
1971 7
589 10
1199 8
1912 8
394 1
1268 6
1302 3
455 6
592 6
22 8
275 3
429 2
661 10
1358 2
1499 5
1270 9
1507 7
675 8
747 9
1341 4
1459 8
1656 4
1653 8
1340 10
1962 8
1031 9
1903 5
497 7
1258 6
257 7
787 5
546 9
1048 2
1606 5
1737 7
6 1
318 8
1540 4
520 6
1834 5
926 2
1460 5
347 1
44 10
305 2
450 6
1709 2
689 10
1224 8
741 6
1959 8
999 2
1623 2
853 2
1730 4
1765 7
1129 7
1718 1
471 7
1702 5
1900 2
151 5
916 1
1404 2
1587 3
1166 2
1643 3
293 3
924 10
1359 7
1983 10
1727 7
969 8
160 9
253 5
839 6
1450 3
134 6
1840 7
885 9
1276 7
1380 9
69 2
1743 1
1121 6
1530 2
106 3
1789 5
17 6
848 1
1733 3
554 10
528 7
700 5
271 2
665 8
725 7
1354 8
785 10
880 1
198 4
34 9
1903 8
1301 9
688 7
1833 3
1216 10
1848 2
1058 1
1117 9
485 4
754 8
957 5
1269 4
7 1
597 1
819 2
199 7
2008 7
1223 2
123 1
434 6
1328 4
1803 6
850 10
67 9
1503 10
2018 4
222 2
1308 3
1093 3
824 5
220 5
752 1
1265 4
805 3
811 9
811 5
956 3
919 9
1488 3
1673 8
1691 4
1769 3
281 10
1709 5
1247 9
1655 7
1971 10
1553 10
1726 9
821 10
1727 9
737 8
1395 2
233 8
1393 9
1478 9
586 8
1578 3
1613 4
668 4
1306 1
54 5
214 5
6 1
380 1
852 2
1305 6
1637 3
196 7
1771 9
1485 5
1337 7
1109 8
1180 9
359 10
1387 9
719 5
1075 4
1938 5
2008 2
20 5
192 2
184 8
941 5
623 2
560 8
885 10
141 4
803 2
1876 2
1733 8
176 9
1399 2
878 8
109 5
453 6
1005 7
631 3
2042 1
1859 3
1446 8
587 8
1868 5
1884 8
729 6
2023 7
1518 10
1537 2
1223 7
1433 4
1485 2
406 10
1243 1
659 6
18 5
1498 8
98 6
196 2
658 9
651 5
1247 10
1388 2
485 1
1925 9
1492 2
811 2
899 4
1211 10
1440 3
1305 9
1314 2
163 10
1107 10
1690 9
252 4
210 3
1642 3
1995 5
17 4
235 5
1956 3
386 10
2010 9
1123 9
674 4
2030 1
1247 9
1348 5
1977 7
1755 8
1717 4
556 1
1189 3
1501 2
1863 8
1799 10
1945 5
1928 7
273 2
982 5
451 5
1057 5
1194 7
1529 8
976 4
1153 10
1230 4
919 8
1142 1
483 5
277 3
448 6
809 7
1554 2
1291 9
276 2
254 1
1449 4
527 5
155 9
906 4
938 6
1337 9
1824 7
1497 4
1488 3
152 6
982 1
1546 4
1685 9
1026 6
105 9
1277 4
796 4
1436 8
549 10
121 8
1385 5
621 10
739 4
1001 9
1260 6
1072 2
1184 10
471 2
221 5
470 10
1105 3
858 9
1232 7
1651 8
156 6
248 3
1232 2
1693 2
1809 10
1281 1
1220 4
718 5
550 1
539 7
779 6
291 5
262 10
693 2
838 1
880 10
122 4
1810 10
437 7
36 8
918 7
1128 9
1275 2
1809 2
1906 9
252 4
548 5
954 9
1805 9
549 7
632 5
594 10
40 7
93 1
110 5
385 1
653 4
1076 7
1200 7
1234 4
420 3
40 1
245 7
1347 7
1912 7
1816 5
637 3
268 5
1958 3
617 3
1061 7
175 6
1372 4
529 5
468 8
1727 2
1965 2
2007 5
560 5
1841 8
728 8
1188 2
22 1
182 2
183 8
528 5
777 2
1817 6
1579 9
1973 7
315 1
65 9
260 4
1144 6
740 10
64 3
392 5
184 7
562 8
656 6
833 5
1670 6
1248 6
1635 10
694 2
1089 4
1469 9
1704 8
268 5
439 7
725 2
1587 9
177 3
630 7
1380 5
1557 3
505 3
847 6
1939 6
1520 9
708 6
714 3
738 6
950 9
1796 4
1242 2
7 2
732 9
832 8
1398 3
1558 10
1898 5
1486 4
1209 10
1981 9
1970 7
1976 1
592 5
885 1
1936 6
388 6
1535 9
977 2
479 2
722 10
768 10
996 6
1550 10
329 8
315 9
1287 7
2040 8
594 1
1626 4
1509 3
442 5
113 7
1670 4
824 6
802 9
1985 4
523 3
546 2
1212 6
1473 9
995 9
1339 5
1416 1
3 2
1502 5
1841 1
326 2
1736 1
178 3
1786 3
1912 5
879 3
43 10
1217 7
740 4
53 7
577 7
1148 6
673 3
85 9
508 9
1792 6
139 1
145 4
934 7
641 8
796 4
292 10
777 10
932 9
1577 5
1741 6
1655 2
1345 7
452 2
2007 1
1394 2
1850 3
600 3
968 3
1531 5
18 9
278 10
114 1
460 8
864 9
1493 9
785 9
412 3
384 7
401 6
755 3
1474 3
418 1
1780 1
1265 1
1338 5
1493 2
1079 1
158 6
420 10
566 3
963 7
97 8
1016 9
361 5
364 3
1168 2
1909 3
1828 2
140 8
446 4
11 10
138 5
1443 8
946 9
1506 8
155 2
847 9
1928 3
2044 1
1788 2
16 3
1708 8
1873 8
1414 1
1806 9
488 9
677 7
797 3
927 7
1244 6
1313 3
1377 9
1459 10
635 10
1584 3
76 5
551 2
1155 2
361 3
1998 7
492 9
577 1
254 2
1867 8
1964 3
535 1
1160 7
1527 6
253 2
1381 10
311 10
1491 2
250 3
1637 1
1962 3
1031 1
18 8
304 9
890 9
1016 6
1930 2
1050 4
294 6
1750 8
634 5
1418 8
330 5
558 1
712 10
926 9
1379 6
1401 5
1498 3
382 4
2035 1
174 10
1658 3
1517 1
872 4
1822 5
999 4
1631 6
360 5
605 10
2013 8
535 6
286 6
1938 7
1134 2
1733 2
1862 7
1891 10
1230 6
1828 4
64 3
1674 6
49 8
2021 4
306 2
274 3
528 1
1932 7
1460 1
350 1
704 7
202 4
309 1
648 8
995 1
1521 5
1638 8
1162 1
2032 3
402 3
21 3
1282 3
862 5
993 1
6 3
351 6
1938 1
131 5
2030 6
241 6
738 4
976 5
1056 1
1194 5
1911 7
1246 5
994 6
1350 8
2040 1
332 4
449 3
1788 4
781 4
713 8
1662 6
1709 3
188 6
201 3
692 10
1810 1
1036 1
776 4
2022 1
76 3
1450 9
1644 8
1739 8
1938 9
1848 5
157 9
501 6
1408 9
1413 6
726 7
1421 2
487 10
547 6
619 10
1043 7
1636 5
1822 7
1878 10
935 8
2013 4
2027 3
282 4
772 6
731 8
387 1
28 6
388 10
513 5
1712 7
1788 3
1942 4
782 8
63 10
352 1
450 6
497 2
1102 8
1336 6
1070 8
1414 4
1808 5
1315 10
1460 1
1633 8
954 7
1039 6
1666 4
1495 8
1689 8
2003 7
49 6
163 10
854 3
578 10
722 7
1008 6
1004 9
1606 6
919 3
278 2
1054 5
1080 3
1455 5
1518 4
867 7
682 3
208 9
726 2
747 9
1801 3
924 1
277 8
871 6
908 3
1003 6
1057 9
1363 5
1471 2
1648 5
1551 1
807 1
360 3
276 9
1566 8
465 10
1105 8
823 7
1303 1
424 2
1307 5
1328 1
1908 5
1508 2
1639 3
1010 10
964 1
640 3
776 2
929 1
1339 7
1567 8
1847 2
1671 8
510 1
811 10
1418 4
1535 3
274 10
727 2
1222 4
580 9
1163 2
1680 7
1961 7
295 10
1055 10
1094 6
1301 4
835 4
1786 5
1522 7
322 3
953 4
1820 6
1834 4
614 10
179 10
1281 4
546 8
639 2
1408 10
1859 6
1459 6
792 6
612 3
433 9
159 3
503 8
1068 1
1988 7
546 4
321 9
511 10
1197 1
331 7
612 7
1202 8
1207 2
1201 6
1564 3
230 7
267 6
370 7
804 8
1123 6
232 5
605 2
144 8
2017 8
514 2
1064 4
1073 4
1930 5
1950 1
132 7
1066 2
1380 8
1176 4
1170 8
1537 10
1572 5
1887 7
1898 2
1780 3
552 7
1355 10
1842 7
435 1
1855 10
1910 9
869 4
1168 5
822 7
2030 8
1535 3
1237 8
874 8
580 2
1009 8
1161 10
457 9
409 6
390 6
297 3
1983 4
763 7
62 4
1246 8
1969 8
129 9
241 5
1289 2
1554 8
1526 2
76 5
140 4
167 9
325 3
686 4
1399 1
1653 6
1631 8
902 8
1153 4
1855 7
386 1
2022 7
15 6
1121 7
1541 2
808 5
2006 8
1846 5
2028 10
199 2
430 4
484 7
1888 4
1099 1
884 10
359 2
536 2
887 3
1397 3
463 4
170 10
33 7
1272 5
1497 2
407 9
9 7
2041 1
705 10
1170 2
1324 7
1754 7
1798 9
1972 4
836 6
419 9
1693 2
693 10
102 7
751 9
1342 4
1536 10
1565 9
1980 1
2016 7
116 9
49 1
207 5
677 6
984 8
1362 9
1441 8
1903 7
897 5
1051 6
152 10
681 7
841 8
911 4
600 5
1187 1
117 5
284 6
534 9
1847 1
990 9
123 6
1293 6
1390 1
1652 6
514 8
1615 5
1309 2
1333 4
1419 1
1761 6
1770 5
579 3
538 5
225 1
1983 3
2017 10
1237 1
332 10
402 10
2036 5
249 5
465 8
1049 9
1772 2
290 5
1731 6
918 8
146 4
364 7
1693 4
1810 8
1910 1
150 5
1976 6
2010 8
1349 7
568 2
335 6
1764 4
1974 3
612 6
746 6
30 8
869 7
1680 7
1706 10
1160 7
563 9
729 2
1571 9
1855 2
1252 8
1330 9
747 5
1260 6
1824 8
1967 1
460 1
704 6
335 1
770 7
955 5
1479 10
2028 5
256 5
382 4
137 4
1699 7
1793 3
1061 6
50 3
1646 2
103 9
895 8
475 8
735 2
741 9
647 6
1827 8
573 7
493 6
1242 9
1539 1
1550 6
1940 8
801 3
1977 1
1164 6
1337 4
459 7
918 9
1734 5
2020 1
444 7
1165 5
1835 1
1902 1
1296 3
766 1
1029 2
992 5
794 3
1225 6
116 6
150 9
1409 1
1514 9
318 1
1151 5
1832 3
1958 1
1026 8
556 4
79 7
625 4
1373 2
1640 6
1653 3
1435 8
381 8
801 5
1241 5
1471 10
1754 7
1795 8
1050 6
565 4
332 7
76 5
308 3
1221 3
715 1
