1024
0 3
3 8
11 7
18 4
22 5
27 4
31 7
38 5
43 8
51 10
61 6
67 4
71 5
76 6
82 9
91 5
96 8
104 4
108 7
115 5
120 4
124 8
132 6
138 5
143 5
148 3
151 9
160 6
166 5
171 5
176 6
182 7
189 7
196 9
205 10
215 2
217 6
223 7
230 4
234 6
240 4
244 4
248 5
253 3
256 6
262 7
269 3
272 4
276 6
282 6
288 5
293 8
301 2
303 7
310 8
318 6
324 5
329 10
339 4
343 6
349 8
357 6
363 5
368 8
376 6
382 6
388 6
394 6
400 8
408 6
414 7
421 3
424 7
431 8
439 9
448 8
456 8
464 6
470 7
477 5
482 6
488 4
492 4
496 5
501 8
509 3
512 7
519 6
525 4
529 6
535 8
543 4
547 4
551 6
557 4
561 5
566 7
573 6
579 11
590 8
598 6
604 4
608 7
615 3
618 3
621 4
625 8
633 6
639 13
652 5
657 7
664 4
668 3
671 8
679 6
685 7
692 4
696 7
703 4
707 12
719 8
727 5
732 7
739 7
746 7
753 3
756 2
758 5
763 5
768 6
774 8
782 5
787 2
789 10
799 9
808 10
818 4
822 10
832 5
837 4
841 7
848 4
852 6
858 4
862 5
867 7
874 5
879 11
890 5
895 8
903 9
912 7
919 6
925 4
929 5
934 5
939 4
943 5
948 10
958 6
964 5
969 5
974 8
982 6
988 4
992 4
996 9
1005 5
1010 8
1018 6
1024 7
1031 7
1038 8
1046 4
1050 5
1055 6
1061 3
1064 10
1074 6
1080 6
1086 4
1090 4
1094 6
1100 8
1108 7
1115 3
1118 6
1124 5
1129 6
1135 7
1142 8
1150 5
1155 5
1160 5
1165 6
1171 5
1176 7
1183 9
1192 4
1196 8
1204 5
1209 6
1215 8
1223 3
1226 8
1234 9
1243 4
1247 12
1259 7
1266 6
1272 5
1277 5
1282 3
1285 5
1290 3
1293 5
1298 5
1303 7
1310 9
1319 4
1323 5
1328 5
1333 3
1336 6
1342 6
1348 5
1353 6
1359 5
1364 4
1368 4
1372 3
1375 4
1379 4
1383 12
1395 6
1401 4
1405 6
1411 3
1414 3
1417 6
1423 5
1428 7
1435 4
1439 7
1446 6
1452 9
1461 7
1468 4
1472 6
1478 7
1485 3
1488 7
1495 5
1500 6
1506 9
1515 7
1522 6
1528 4
1532 6
1538 2
1540 3
1543 5
1548 5
1553 4
1557 8
1565 6
1571 4
1575 6
1581 7
1588 5
1593 8
1601 9
1610 7
1617 4
1621 5
1626 4
1630 8
1638 6
1644 10
1654 7
1661 5
1666 7
1673 4
1677 4
1681 7
1688 6
1694 5
1699 7
1706 5
1711 6
1717 4
1721 5
1726 10
1736 7
1743 5
1748 8
1756 5
1761 4
1765 5
1770 6
1776 6
1782 5
1787 7
1794 5
1799 7
1806 7
1813 9
1822 4
1826 6
1832 3
1835 6
1841 7
1848 5
1853 7
1860 4
1864 4
1868 6
1874 4
1878 6
1884 3
1887 8
1895 2
1897 5
1902 7
1909 2
1911 4
1915 4
1919 5
1924 3
1927 4
1931 6
1937 5
1942 7
1949 6
1955 8
1963 5
1968 8
1976 7
1983 5
1988 6
1994 5
1999 7
2006 6
2012 7
2019 6
2025 7
2032 5
2037 8
2045 5
2050 6
2056 6
2062 6
2068 5
2073 10
2083 6
2089 9
2098 7
2105 4
2109 2
2111 7
2118 3
2121 6
2127 6
2133 4
2137 6
2143 6
2149 4
2153 5
2158 6
2164 6
2170 7
2177 5
2182 6
2188 11
2199 6
2205 7
2212 6
2218 10
2228 6
2234 5
2239 8
2247 7
2254 5
2259 8
2267 6
2273 5
2278 3
2281 6
2287 4
2291 7
2298 6
2304 6
2310 6
2316 5
2321 10
2331 7
2338 3
2341 6
2347 7
2354 6
2360 5
2365 5
2370 6
2376 6
2382 6
2388 5
2393 6
2399 4
2403 6
2409 6
2415 7
2422 5
2427 5
2432 8
2440 5
2445 4
2449 7
2456 9
2465 5
2470 3
2473 8
2481 7
2488 3
2491 8
2499 8
2507 5
2512 8
2520 4
2524 8
2532 7
2539 6
2545 3
2548 5
2553 4
2557 5
2562 6
2568 3
2571 7
2578 5
2583 6
2589 5
2594 6
2600 9
2609 7
2616 3
2619 7
2626 9
2635 6
2641 8
2649 10
2659 8
2667 6
2673 7
2680 9
2689 7
2696 8
2704 5
2709 5
2714 5
2719 3
2722 6
2728 7
2735 7
2742 5
2747 5
2752 4
2756 4
2760 8
2768 3
2771 7
2778 5
2783 4
2787 4
2791 9
2800 5
2805 8
2813 7
2820 6
2826 7
2833 5
2838 3
2841 4
2845 7
2852 4
2856 6
2862 6
2868 3
2871 10
2881 7
2888 4
2892 5
2897 3
2900 4
2904 4
2908 4
2912 4
2916 4
2920 7
2927 5
2932 3
2935 6
2941 5
2946 8
2954 6
2960 7
2967 3
2970 3
2973 7
2980 5
2985 7
2992 3
2995 4
2999 7
3006 6
3012 10
3022 6
3028 9
3037 6
3043 8
3051 3
3054 5
3059 7
3066 7
3073 6
3079 4
3083 5
3088 6
3094 6
3100 5
3105 9
3114 4
3118 5
3123 7
3130 5
3135 6
3141 6
3147 7
3154 9
3163 4
3167 7
3174 5
3179 7
3186 7
3193 9
3202 7
3209 6
3215 8
3223 2
3225 5
3230 9
3239 3
3242 7
3249 4
3253 8
3261 7
3268 5
3273 4
3277 7
3284 7
3291 7
3298 5
3303 5
3308 5
3313 9
3322 4
3326 7
3333 8
3341 8
3349 9
3358 3
3361 6
3367 7
3374 3
3377 4
3381 5
3386 4
3390 9
3399 4
3403 5
3408 10
3418 7
3425 5
3430 7
3437 5
3442 8
3450 4
3454 8
3462 7
3469 7
3476 3
3479 6
3485 6
3491 7
3498 5
3503 6
3509 2
3511 6
3517 6
3523 8
3531 6
3537 7
3544 9
3553 8
3561 6
3567 8
3575 8
3583 5
3588 8
3596 7
3603 10
3613 8
3621 3
3624 5
3629 7
3636 10
3646 5
3651 5
3656 5
3661 8
3669 5
3674 3
3677 7
3684 3
3687 7
3694 6
3700 7
3707 3
3710 8
3718 7
3725 8
3733 5
3738 3
3741 4
3745 6
3751 6
3757 4
3761 8
3769 2
3771 10
3781 8
3789 10
3799 4
3803 9
3812 4
3816 3
3819 7
3826 6
3832 3
3835 6
3841 4
3845 7
3852 2
3854 6
3860 9
3869 8
3877 5
3882 7
3889 6
3895 5
3900 8
3908 5
3913 7
3920 4
3924 4
3928 9
3937 12
3949 6
3955 5
3960 3
3963 6
3969 8
3977 5
3982 5
3987 4
3991 5
3996 6
4002 4
4006 5
4011 5
4016 5
4021 10
4031 7
4038 8
4046 5
4051 6
4057 5
4062 3
4065 5
4070 6
4076 4
4080 5
4085 7
4092 5
4097 9
4106 4
4110 5
4115 7
4122 3
4125 7
4132 10
4142 6
4148 7
4155 4
4159 2
4161 3
4164 5
4169 10
4179 10
4189 5
4194 4
4198 4
4202 6
4208 6
4214 4
4218 6
4224 5
4229 2
4231 6
4237 8
4245 6
4251 6
4257 5
4262 6
4268 3
4271 7
4278 9
4287 7
4294 4
4298 4
4302 7
4309 8
4317 3
4320 10
4330 9
4339 3
4342 3
4345 5
4350 4
4354 4
4358 9
4367 6
4373 7
4380 5
4385 8
4393 6
4399 9
4408 7
4415 10
4425 5
4430 4
4434 3
4437 9
4446 7
4453 5
4458 6
4464 4
4468 4
4472 6
4478 8
4486 4
4490 4
4494 6
4500 6
4506 4
4510 7
4517 6
4523 6
4529 2
4531 9
4540 5
4545 7
4552 5
4557 8
4565 4
4569 6
4575 3
4578 3
4581 6
4587 5
4592 8
4600 6
4606 5
4611 3
4614 5
4619 5
4624 7
4631 4
4635 8
4643 8
4651 4
4655 8
4663 9
4672 8
4680 5
4685 7
4692 4
4696 6
4702 8
4710 8
4718 8
4726 5
4731 3
4734 4
4738 6
4744 7
4751 8
4759 8
4767 12
4779 8
4787 6
4793 5
4798 8
4806 3
4809 3
4812 4
4816 5
4821 7
4828 5
4833 5
4838 7
4845 6
4851 3
4854 4
4858 7
4865 6
4871 6
4877 5
4882 6
4888 5
4893 3
4896 6
4902 8
4910 3
4913 6
4919 7
4926 4
4930 5
4935 5
4940 8
4948 3
4951 7
4958 5
4963 6
4969 6
4975 6
4981 6
4987 5
4992 5
4997 6
5003 6
5009 9
5018 3
5021 3
5024 8
5032 9
5041 3
5044 4
5048 3
5051 5
5056 3
5059 7
5066 8
5074 4
5078 5
5083 7
5090 5
5095 5
5100 5
5105 3
5108 7
5115 4
5119 8
5127 8
5135 4
5139 6
5145 6
5151 6
5157 6
5163 7
5170 6
5176 4
5180 3
5183 4
5187 5
5192 3
5195 8
5203 7
5210 6
5216 8
5224 5
5229 7
5236 4
5240 5
5245 6
5251 8
5259 5
5264 4
5268 5
5273 8
5281 5
5286 6
5292 6
5298 7
5305 8
5313 6
5319 7
5326 4
5330 7
5337 5
5342 5
5347 8
5355 5
5360 5
5365 7
5372 7
5379 8
5387 13
5400 6
5406 4
5410 4
5414 3
5417 5
5422 7
5429 5
5434 7
5441 3
5444 8
5452 10
5462 6
5468 6
5474 6
5480 6
5486 7
5493 4
5497 3
5500 5
5505 5
5510 2
5512 5
5517 6
5523 3
5526 6
5532 4
5536 8
5544 7
5551 6
5557 5
5562 7
5569 4
5573 4
5577 5
5582 6
5588 5
5593 5
5598 6
5604 4
5608 5
5613 6
5619 7
5626 3
5629 9
5638 7
5645 8
5653 6
5659 7
5666 4
5670 8
5678 7
5685 9
5694 6
5700 9
5709 6
5715 5
5720 8
5728 4
5732 4
5736 10
5746 8
5754 6
5760 4
5764 8
5772 5
5777 9
5786 7
5793 6
5799 4
5803 4
5807 8
5815 7
5822 4
5826 6
5832 6
5838 7
5845 7
5852 6
5858 4
5862 6
5868 5
5873 5
5878 3
5881 4
5885 7
5892 5
5897 6
5903 4
5907 2
5909 5
5914 10
5924 5
5929 10
5939 3
5942 7
5949 11
5960 5
5965 4
5969 6
5975 6
5981 4
5985 7
5992 5
5997 3
6000 6
6006 6
6012 6

20

6018
0 9
0 9
207 3
301 1
198 4
472 7
520 10
602 6
710 9
790 7
938 5
691 10
926 5
662 9
212 7
608 4
658 3
947 5
972 2
652 1
353 10
849 4
753 1
903 8
596 8
300 9
696 2
529 3
86 3
730 8
783 8
988 3
668 5
947 1
935 1
572 10
776 4
978 3
85 2
76 10
757 10
89 7
265 6
688 1
899 2
751 5
731 1
185 4
533 6
780 5
823 5
123 3
306 2
60 4
94 5
453 7
473 7
547 7
865 4
884 2
917 8
593 6
384 7
340 3
96 10
956 5
982 1
130 8
978 10
722 2
944 2
398 2
592 4
810 10
272 5
624 2
724 4
557 8
551 4
604 8
205 9
226 7
808 6
426 1
81 2
232 10
246 1
375 9
554 9
605 6
922 1
144 7
31 2
1008 6
286 2
627 9
349 6
181 10
103 3
163 6
348 6
376 7
421 3
934 3
272 2
954 4
28 9
240 1
952 5
312 7
982 8
728 4
566 8
719 1
815 2
256 5
179 1
754 1
518 10
785 3
645 4
142 9
949 5
800 10
488 8
31 10
363 9
598 5
31 1
199 6
783 5
1003 1
966 1
32 4
410 8
544 5
749 3
903 4
29 3
410 1
356 10
290 6
406 6
751 2
599 6
471 9
315 7
347 6
780 8
719 6
73 3
56 5
410 9
293 2
96 1
76 7
252 6
571 6
722 7
1022 3
124 2
725 1
600 4
107 5
475 4
563 1
283 1
339 10
992 6
17 9
427 9
23 3
286 6
899 5
926 3
679 7
135 8
850 6
1016 8
559 10
538 6
569 4
15 2
21 10
205 5
21 1
162 2
399 5
1014 6
22 4
114 6
163 1
862 3
204 8
155 10
995 6
169 3
738 1
792 8
924 3
62 8
182 5
196 3
408 2
644 9
98 8
150 8
609 1
418 1
526 8
749 6
753 5
768 5
773 4
970 7
727 8
621 8
962 8
596 3
105 4
127 7
674 1
986 9
206 3
695 8
791 4
427 10
453 2
526 10
551 3
373 8
499 4
450 4
753 5
701 4
147 7
338 1
487 6
527 6
976 6
964 1
275 8
567 5
769 4
858 1
635 4
245 5
202 1
746 1
908 7
245 4
341 4
464 10
778 8
544 7
850 4
936 10
656 6
757 4
758 9
177 1
883 2
848 8
642 3
844 7
896 5
170 10
909 8
923 5
414 4
627 2
774 8
294 9
782 6
441 9
517 9
276 6
824 6
684 8
543 3
272 1
333 3
889 8
994 6
159 2
477 8
742 5
895 3
825 10
899 9
473 2
362 4
811 8
120 10
481 10
372 7
79 5
69 8
784 4
946 6
980 3
638 8
372 9
308 2
537 6
973 7
721 10
787 3
807 2
920 6
708 1
281 10
130 2
133 1
137 9
902 9
969 6
975 1
567 2
695 7
474 4
689 2
716 5
914 5
26 5
535 7
135 3
351 7
415 10
616 3
342 4
345 8
601 5
134 5
171 4
332 6
436 4
475 10
931 1
345 6
746 8
913 9
620 6
189 7
540 8
699 10
349 6
384 2
406 6
9 4
400 3
700 7
263 3
331 9
336 7
761 5
870 9
753 2
634 1
188 4
314 5
399 10
987 6
33 8
904 10
197 1
799 10
466 8
182 2
475 6
350 10
324 8
436 6
505 3
825 8
992 6
66 10
512 6
265 10
525 5
578 3
752 4
537 2
124 1
202 8
147 9
81 5
557 7
64 10
718 5
605 6
467 10
702 10
968 4
929 8
295 5
863 3
728 2
800 8
1013 2
184 9
147 5
220 8
204 2
374 6
632 10
874 9
959 8
261 6
51 8
838 2
357 3
537 6
656 2
349 8
446 3
789 7
181 5
217 10
223 1
540 10
452 6
267 2
697 6
164 6
293 2
827 6
545 2
574 9
696 2
943 7
25 3
256 8
396 6
532 3
367 8
668 3
731 2
769 3
816 1
646 9
105 4
107 1
567 1
579 2
587 3
604 5
643 10
489 8
330 5
469 1
545 9
794 6
797 8
860 8
910 9
7 10
26 7
990 3
980 5
1023 5
284 2
682 9
821 3
461 2
388 4
892 8
516 7
140 1
791 7
690 10
463 3
742 2
205 6
482 3
599 6
786 7
51 5
720 4
417 3
441 8
487 3
244 1
680 9
661 2
513 8
398 8
508 1
65 5
14 2
301 9
323 4
869 5
801 10
449 10
1009 7
199 1
598 10
532 3
193 8
610 1
594 4
135 9
293 9
97 9
106 5
461 9
523 4
898 6
7 2
793 2
901 7
5 3
929 5
123 8
457 7
499 4
688 8
833 1
144 8
227 5
706 4
521 2
345 6
572 7
922 3
684 2
365 7
618 10
7 7
187 10
877 2
559 4
584 4
685 3
539 3
239 8
193 7
798 2
172 6
534 7
942 10
1008 3
895 9
431 3
752 5
605 6
409 6
134 3
302 3
845 7
527 2
650 5
166 8
283 7
409 7
749 5
9 5
797 1
220 7
205 8
353 8
140 2
273 8
531 2
850 8
26 1
10 10
285 3
105 5
156 10
408 9
480 2
808 9
84 9
915 4
102 10
334 7
395 1
34 8
417 3
529 8
201 8
263 3
500 2
542 5
683 2
745 10
809 4
830 9
797 1
803 9
479 2
277 9
241 10
452 9
623 4
701 3
805 8
446 1
824 8
750 1
180 1
799 6
306 9
797 7
551 3
398 2
1011 7
97 10
320 10
368 7
423 8
467 5
625 4
16 3
1019 9
500 9
294 4
133 1
344 9
600 1
36 4
74 4
96 5
84 5
619 5
582 1
182 8
132 6
286 4
860 4
1009 1
74 1
27 5
579 4
358 2
841 7
847 7
250 7
874 7
179 10
529 3
126 7
183 5
209 5
329 5
545 6
566 2
762 10
774 8
878 8
666 5
609 1
630 10
664 9
844 3
461 4
516 7
790 5
963 5
455 3
474 5
971 6
794 10
745 5
860 3
900 2
808 6
591 8
439 10
518 8
537 2
303 7
314 6
373 7
500 2
647 8
1022 5
32 6
392 8
976 1
331 1
805 10
347 3
815 6
517 9
376 4
648 5
367 3
660 6
708 7
629 6
629 4
275 5
973 6
502 7
888 6
614 8
1012 5
378 10
638 1
669 8
914 4
916 9
337 1
136 5
373 1
722 3
138 7
204 2
236 8
417 4
478 5
587 4
827 5
846 4
887 7
1005 2
51 10
294 8
754 2
913 1
180 1
216 1
225 5
1009 1
869 5
170 9
351 9
389 3
474 4
209 5
537 10
175 3
346 1
208 7
271 9
649 9
9 3
86 8
763 3
1013 6
944 1
740 7
779 3
27 2
65 1
560 2
387 6
185 4
223 8
810 2
797 1
818 4
397 8
376 2
108 7
610 3
36 7
665 6
502 7
948 5
751 3
395 8
380 10
667 5
898 7
1007 9
404 4
387 9
751 7
960 6
971 5
11 8
54 2
421 8
631 3
800 8
877 9
963 8
978 10
421 4
571 10
188 3
292 8
530 2
106 6
808 5
104 1
507 9
54 1
818 3
809 10
144 4
294 7
661 3
721 4
807 9
92 3
615 8
417 7
57 5
145 2
187 3
219 5
824 1
953 7
30 8
56 3
84 9
442 10
355 9
231 4
244 7
714 8
815 9
855 1
118 5
878 5
719 6
1004 8
54 9
1018 4
160 5
220 5
484 4
597 10
700 2
747 8
799 1
811 6
446 7
119 7
197 5
523 8
531 9
177 6
200 2
973 1
381 7
95 2
914 8
845 4
77 1
1007 4
550 5
910 2
448 1
159 8
819 3
954 9
20 9
784 1
149 5
186 9
842 7
781 6
903 8
743 5
548 2
649 6
15 7
87 8
133 4
872 1
640 3
134 2
476 6
973 4
226 6
267 1
270 2
755 4
1015 4
326 8
204 5
422 8
733 3
39 7
65 9
68 5
233 9
502 1
915 7
218 8
362 8
489 3
593 7
721 9
890 6
618 1
853 7
596 7
600 10
142 5
202 3
154 7
446 3
709 7
888 6
905 1
970 2
34 8
417 7
350 9
441 4
333 9
513 2
604 5
660 5
745 4
517 6
303 4
938 5
567 9
622 5
628 5
776 2
1012 10
544 9
287 3
607 7
788 7
1007 3
695 5
437 2
582 1
680 2
149 7
906 10
866 10
445 2
788 9
979 2
32 10
449 5
633 10
787 1
961 6
96 10
289 10
661 2
681 1
158 4
402 8
666 1
713 2
157 4
927 10
977 6
895 5
397 5
214 4
471 6
492 2
676 2
717 9
141 8
236 10
49 2
1001 3
201 9
825 10
137 5
202 5
264 3
484 4
498 8
905 4
404 5
903 3
434 2
1016 4
31 2
850 4
201 6
387 7
396 1
406 8
945 10
967 4
32 1
189 7
16 6
655 10
994 10
1022 4
72 6
416 9
446 9
527 2
525 7
774 3
175 10
444 1
882 9
251 4
93 8
224 10
668 2
690 2
707 9
720 10
866 1
391 2
1007 9
340 10
401 5
427 4
225 8
888 4
469 1
850 2
364 6
583 8
757 10
793 1
33 3
332 7
874 7
405 1
664 4
806 6
121 9
513 5
45 10
424 7
223 2
288 4
491 5
57 4
561 7
627 10
347 5
285 7
398 4
862 1
888 1
592 3
90 6
561 2
846 9
861 7
877 2
1000 9
898 7
730 2
720 3
720 3
984 10
792 2
420 8
457 3
212 6
122 3
320 4
165 10
296 3
664 6
373 5
406 2
819 3
865 6
139 6
44 1
359 9
968 3
344 10
344 5
691 5
717 5
748 7
770 9
858 10
884 3
972 3
593 7
381 6
476 1
19 1
108 10
580 7
887 4
371 8
875 2
100 1
120 1
685 1
998 6
16 10
292 4
70 5
926 9
63 2
106 8
33 5
966 2
337 9
1007 5
196 7
966 8
108 5
264 1
207 3
522 1
641 4
697 7
68 9
601 8
563 4
967 7
718 1
344 6
762 5
124 4
299 6
8 4
142 9
456 7
747 6
470 5
625 1
1014 4
89 10
134 3
328 10
582 4
894 8
131 3
417 8
61 4
990 6
433 4
883 4
59 7
163 7
835 6
306 6
661 6
406 3
952 5
482 10
475 6
279 10
587 8
478 10
679 7
754 5
774 5
598 4
543 9
264 10
564 5
778 4
475 4
949 2
434 6
319 8
646 10
90 7
83 8
301 3
596 7
465 3
313 5
741 10
251 1
392 3
448 4
562 2
199 4
643 7
343 6
718 4
737 9
183 7
438 10
199 4
33 3
948 7
578 2
633 7
62 1
138 5
856 8
249 9
540 7
305 10
465 8
681 10
911 7
1 4
870 6
678 7
795 3
83 1
195 4
196 4
1009 2
741 7
21 6
372 9
548 7
139 2
216 1
843 4
507 4
593 7
159 9
162 6
98 8
813 6
888 7
990 3
65 8
149 3
160 5
41 1
987 4
558 9
221 4
292 9
924 2
521 5
747 4
32 8
68 2
146 5
894 2
119 2
316 4
509 8
891 10
31 5
78 6
345 3
94 8
13 9
811 9
218 10
390 3
905 7
37 3
806 10
908 8
303 2
0 3
724 4
772 8
1011 5
183 3
224 10
251 10
331 2
359 8
494 4
581 3
843 7
581 3
422 9
996 9
122 7
226 7
614 8
864 8
122 5
270 3
333 7
108 5
766 7
997 1
353 8
510 1
227 5
759 3
1017 6
258 4
446 4
267 1
342 6
502 1
2 7
174 6
264 7
910 9
382 3
478 5
429 1
543 3
579 9
158 4
914 8
867 3
897 9
529 5
526 9
435 10
200 1
362 2
120 1
394 2
674 7
476 2
70 10
747 10
584 6
433 8
513 3
626 8
147 8
519 4
205 10
500 6
725 5
303 5
617 8
813 5
994 9
364 1
568 10
134 5
382 1
68 8
94 7
137 5
849 1
904 5
202 4
673 10
960 5
420 5
614 8
266 1
944 2
779 9
170 2
256 5
70 1
645 9
124 8
705 2
166 10
207 10
281 1
362 9
524 7
710 1
168 8
429 9
120 5
450 2
350 1
208 7
13 7
847 9
145 6
477 5
642 5
87 5
768 8
430 10
210 5
696 7
890 3
876 1
290 4
614 7
514 3
783 7
574 5
344 5
640 6
494 2
628 2
135 4
915 9
347 10
620 7
904 3
14 10
625 5
598 8
147 9
467 7
279 6
946 8
404 7
692 4
702 4
730 6
814 9
851 4
920 8
996 5
858 4
539 6
301 1
334 1
873 3
937 5
612 2
954 5
359 1
569 2
159 10
268 1
307 3
119 8
894 7
925 6
890 2
357 2
671 8
816 8
304 7
1002 8
90 8
369 5
672 10
624 1
642 9
874 4
527 10
17 1
711 10
760 9
864 8
99 10
1007 5
988 6
377 8
683 1
820 8
945 9
677 3
373 10
291 4
918 3
544 10
607 9
297 7
383 2
871 6
893 5
901 2
80 1
135 7
826 1
613 10
657 1
954 1
41 5
964 7
42 4
482 2
453 3
758 7
896 3
898 4
925 7
325 4
14 1
291 7
579 3
664 5
695 1
826 2
684 2
541 3
311 4
650 9
381 3
961 3
300 8
410 6
645 5
851 6
197 9
1014 5
604 1
705 3
662 2
299 1
882 9
108 7
367 2
982 3
166 4
194 1
207 10
799 2
568 1
461 2
735 3
372 8
719 2
26 6
735 6
913 6
939 5
627 9
476 8
689 1
775 5
940 4
958 1
442 4
616 9
462 5
515 6
585 6
707 2
786 5
1018 3
871 5
875 3
748 3
807 9
337 10
930 2
1002 1
19 5
73 8
223 5
834 1
928 3
913 1
934 7
866 2
326 3
671 5
211 4
657 9
258 7
258 7
514 10
780 3
351 1
399 6
966 4
683 6
1017 1
69 6
576 5
841 1
607 3
803 6
391 1
962 10
360 8
771 3
886 5
60 3
98 3
272 5
466 6
160 3
183 1
484 10
212 7
191 10
469 8
571 8
1015 5
64 10
421 2
7 6
912 2
606 3
964 6
222 1
514 9
666 2
811 9
71 2
145 1
211 1
578 1
772 10
838 6
236 1
428 4
546 4
847 8
516 5
300 1
801 5
308 8
411 1
272 10
595 4
880 10
209 3
395 9
368 8
145 2
355 6
458 2
635 9
662 3
941 2
122 9
285 10
629 1
795 4
841 6
900 5
927 10
992 6
17 2
263 5
48 1
743 9
269 10
12 5
840 6
95 8
534 4
956 2
908 9
819 4
526 1
986 3
601 8
723 9
40 8
116 5
932 3
784 4
48 6
997 9
878 8
366 2
610 6
767 2
770 8
1007 3
99 9
957 3
628 5
779 3
701 2
924 9
607 7
995 2
784 4
310 10
495 7
533 2
657 4
972 2
980 4
1022 4
190 10
233 6
719 5
568 8
710 9
404 6
957 4
532 8
765 9
458 8
419 10
764 7
54 10
424 8
224 1
356 4
575 6
890 5
971 8
287 1
992 4
721 8
949 6
28 1
93 7
694 4
856 4
931 1
76 2
1012 6
469 9
473 4
599 6
656 2
96 3
171 7
271 10
431 8
654 7
960 3
29 6
15 2
106 4
494 9
549 8
282 1
152 3
640 10
598 2
342 9
541 2
565 7
869 2
293 5
170 4
869 9
999 1
156 10
867 2
443 9
520 9
492 1
753 8
228 4
23 6
746 2
664 8
242 4
246 7
691 9
508 9
548 3
181 4
202 9
974 10
483 8
131 8
531 1
724 7
905 2
961 3
993 4
26 2
72 2
84 9
288 5
730 7
939 3
687 8
47 9
104 4
120 8
133 7
498 2
67 5
999 10
692 10
577 2
653 10
688 2
817 10
932 10
175 3
790 1
765 6
871 5
370 5
243 7
1006 3
473 10
638 3
720 1
635 9
442 1
711 6
906 3
185 6
249 1
927 3
623 9
317 3
636 10
248 8
268 1
645 1
4 9
518 3
913 8
1 1
193 3
798 8
234 1
81 9
927 10
92 3
771 8
917 1
311 9
738 10
755 10
151 4
113 7
206 2
218 5
649 3
238 7
739 7
982 9
646 5
787 10
796 4
1021 9
197 10
545 5
936 2
446 5
790 2
816 10
917 10
9 2
101 9
189 6
609 8
418 2
562 2
349 8
441 4
459 10
236 3
807 6
368 10
405 8
53 2
269 8
778 9
1023 3
521 10
602 6
987 1
743 3
955 4
621 1
745 1
470 8
278 10
556 2
777 5
552 8
905 2
302 9
247 4
665 8
854 2
1013 4
18 7
820 6
462 5
489 1
637 1
194 5
391 4
693 8
357 1
446 7
596 9
715 9
515 7
61 5
113 6
326 4
24 7
618 7
592 6
418 8
204 4
745 10
534 5
757 4
809 6
872 4
299 3
833 6
462 10
590 9
1022 1
812 5
935 8
699 8
322 8
499 9
192 8
636 3
551 4
102 10
175 4
554 3
538 9
402 2
447 5
614 6
882 10
468 7
401 9
1000 3
879 3
318 8
827 3
542 7
659 6
461 8
871 7
81 4
429 5
463 1
725 8
807 8
63 8
246 4
602 10
1007 3
478 4
146 8
314 4
257 3
461 10
626 3
424 2
457 4
584 6
741 7
187 10
860 10
508 6
108 5
384 7
621 4
864 10
75 5
916 1
387 5
555 3
490 5
856 10
114 1
1002 7
207 2
60 9
544 8
169 7
665 8
57 6
696 1
362 5
606 4
946 4
209 7
48 3
686 10
150 9
403 9
565 2
732 2
234 1
97 7
665 6
363 1
372 3
385 3
837 6
1018 1
927 9
1016 6
343 8
402 5
60 7
548 4
369 7
648 3
679 6
780 9
964 9
975 1
118 1
426 9
182 9
255 10
339 4
796 7
900 2
820 7
39 1
375 2
632 5
904 10
28 10
337 4
389 10
584 10
592 5
752 10
10 3
699 1
167 10
866 5
924 1
42 4
707 2
453 3
442 9
348 7
655 7
854 3
57 4
287 9
211 6
830 6
562 9
793 8
195 6
335 8
424 9
765 5
836 7
848 2
962 6
104 9
177 10
177 5
229 5
184 6
728 1
57 8
58 6
205 3
618 2
87 6
835 4
888 4
122 1
577 1
587 1
566 4
715 6
171 5
24 6
863 9
114 3
231 10
613 10
751 7
828 2
794 2
16 6
341 7
378 3
1023 10
16 6
70 8
868 5
306 8
59 6
383 3
63 10
150 9
413 8
225 1
455 5
624 6
56 7
259 1
988 6
575 4
121 9
490 7
650 1
785 7
993 1
476 7
601 6
95 8
210 8
659 2
3 10
794 4
394 6
529 10
559 4
765 8
842 2
570 5
450 6
422 1
444 10
892 2
1013 4
135 9
845 5
503 8
627 9
270 6
454 8
736 5
849 10
977 3
23 10
281 4
428 4
567 6
602 4
369 9
916 1
237 2
69 3
313 1
921 10
107 2
902 2
177 9
235 1
207 8
441 5
1009 2
664 2
486 7
262 8
880 2
894 8
624 3
792 1
978 5
498 1
844 9
972 3
50 4
216 2
224 9
332 5
546 4
147 8
21 9
334 1
492 9
539 6
219 1
875 5
1015 7
168 6
978 3
907 10
88 7
485 4
384 8
400 7
895 9
1006 7
424 8
930 7
276 2
447 7
250 2
73 8
115 3
945 7
983 10
270 8
307 10
102 7
768 6
629 1
948 5
239 5
336 7
356 9
733 9
468 3
558 7
296 5
1003 7
472 10
544 6
634 1
900 8
916 1
857 10
793 10
179 8
410 3
954 3
51 7
52 9
252 8
334 3
199 9
789 1
38 8
119 1
242 10
113 7
175 5
831 2
427 1
553 7
641 8
678 2
733 4
606 8
68 6
559 9
631 6
661 2
729 7
497 2
717 10
338 2
14 9
451 9
651 7
991 7
115 4
126 2
545 2
16 7
950 1
985 3
241 8
395 2
916 6
519 6
586 1
658 4
699 3
740 10
808 3
1008 8
348 3
393 4
117 10
413 6
872 2
888 3
665 1
854 8
441 3
632 7
720 3
128 10
947 1
684 4
472 6
381 4
432 1
443 10
638 8
139 7
248 3
881 7
178 6
380 4
392 9
971 9
213 3
219 1
772 2
763 4
650 8
243 2
476 6
349 3
412 3
769 1
886 1
912 5
964 3
10 7
329 7
976 7
787 2
59 2
365 8
963 1
334 3
876 8
570 7
477 9
666 1
663 4
442 5
124 6
162 7
330 5
129 9
922 3
580 4
77 4
628 2
992 10
837 10
339 10
796 1
548 5
121 3
629 6
611 9
761 8
730 4
488 10
205 3
541 7
663 1
736 6
167 2
262 1
313 4
669 8
854 2
409 6
114 8
381 9
194 3
575 2
653 1
979 2
378 4
504 7
549 4
670 9
935 2
823 4
216 2
932 1
353 6
803 9
828 7
865 5
901 3
931 2
935 8
128 8
270 9
377 2
97 1
505 4
516 3
553 4
73 6
162 1
672 8
158 5
924 10
125 8
437 4
764 2
425 8
12 2
101 2
80 8
171 4
559 5
766 4
843 7
259 6
61 10
751 2
411 5
31 5
443 3
60 3
425 10
365 7
747 8
868 2
321 9
403 3
670 1
976 6
167 5
157 8
586 10
335 5
320 2
440 3
943 7
401 3
840 8
333 9
463 2
840 9
903 5
129 4
161 5
233 7
279 6
799 10
690 1
169 1
307 8
448 6
554 7
792 2
176 2
189 3
23 6
162 8
59 6
748 7
670 9
698 5
758 5
782 1
654 6
96 9
33 2
834 3
877 7
1012 1
92 6
391 6
93 7
534 7
614 5
893 1
23 1
26 9
371 3
22 8
248 6
543 3
836 2
269 1
399 5
746 9
582 2
794 9
383 3
529 9
529 6
659 7
977 5
350 8
378 6
870 6
650 4
588 10
701 6
904 2
986 6
46 4
426 6
696 1
416 1
867 3
583 3
664 2
56 10
936 4
164 9
414 1
761 5
497 9
552 2
706 7
1021 9
79 3
98 3
134 7
150 7
188 8
119 4
542 8
432 9
947 9
306 2
315 8
502 10
34 1
515 10
451 5
280 10
737 9
174 8
221 5
977 10
509 4
718 2
805 8
616 8
811 7
130 8
131 4
265 2
648 7
16 3
598 10
944 7
208 9
146 8
354 1
102 8
713 5
707 8
872 7
533 9
553 8
630 6
1010 3
170 7
281 8
327 2
343 9
366 8
706 8
770 4
997 2
400 10
789 8
397 8
567 7
462 1
14 1
337 9
414 6
739 7
502 9
849 5
901 8
985 8
373 1
167 4
37 10
28 9
268 4
356 4
665 10
584 4
726 1
745 2
860 6
1013 9
225 9
914 7
323 5
213 1
932 2
442 9
854 2
227 10
543 10
1009 4
565 5
705 9
884 9
91 3
445 7
285 8
509 6
909 3
417 9
380 1
517 6
217 8
807 10
188 4
470 6
161 2
192 6
843 2
944 6
785 6
603 5
696 5
452 10
215 10
491 8
508 10
63 6
57 4
781 1
153 2
397 4
730 10
551 6
618 5
698 10
966 1
196 10
718 9
772 5
515 4
783 4
896 5
840 3
112 10
613 3
961 1
961 2
539 8
402 3
514 5
648 8
1011 9
150 4
359 5
379 3
47 9
306 4
79 8
135 10
254 4
341 9
298 1
429 9
386 5
817 6
460 4
557 9
289 9
380 10
399 3
612 6
690 6
823 8
998 10
165 1
354 10
1021 7
154 2
431 7
811 4
901 7
863 1
507 1
568 1
70 3
100 1
138 7
164 9
211 4
313 7
305 5
149 3
922 7
640 7
320 5
366 7
579 7
766 7
778 6
141 1
405 6
194 4
957 6
486 9
646 8
823 8
832 5
155 5
886 5
820 2
82 10
562 5
655 8
684 2
706 1
740 3
1023 3
38 4
225 2
354 6
936 6
603 5
993 6
904 9
932 4
419 5
375 9
833 9
532 3
617 2
990 3
71 6
435 10
99 9
525 8
559 1
610 9
674 1
245 3
341 3
674 4
951 6
37 2
9 7
563 10
708 1
970 1
355 8
861 9
791 4
604 7
822 4
905 9
1008 6
350 5
110 3
786 5
901 3
861 1
863 8
868 9
955 8
186 7
639 10
922 1
600 9
1021 7
174 3
86 7
327 4
907 5
733 2
280 8
270 2
522 9
667 8
671 10
682 5
306 10
742 9
976 8
442 4
714 9
658 10
502 7
897 6
77 2
110 4
323 8
251 2
84 9
326 10
729 8
312 5
254 5
317 10
425 1
520 9
583 2
894 8
78 3
323 1
670 10
403 2
595 1
490 3
860 7
42 10
950 8
973 4
193 3
197 8
1014 8
652 2
715 9
263 6
62 8
897 8
233 7
66 10
102 5
822 2
694 2
803 7
844 3
1020 1
321 7
743 4
369 3
168 1
264 8
593 5
787 2
284 9
75 1
620 3
310 8
433 6
960 10
610 2
186 5
24 9
537 4
158 6
815 4
380 6
680 2
370 10
1 7
50 2
284 4
873 6
297 10
9 7
587 3
611 6
889 2
915 2
110 5
121 4
613 5
55 4
830 10
63 6
190 6
192 4
717 6
533 6
27 4
57 10
840 3
145 6
217 2
383 6
253 8
178 1
352 7
746 8
385 9
49 8
823 1
226 5
764 7
838 2
213 5
325 4
190 10
581 3
119 5
744 1
792 1
99 2
970 2
532 7
621 4
875 1
894 6
96 2
981 1
51 10
642 1
628 5
711 8
190 10
245 2
614 6
78 3
649 4
592 8
687 8
292 8
910 8
678 3
599 7
160 4
264 10
580 5
137 4
1009 7
845 8
365 4
893 4
943 4
827 7
734 8
755 3
448 9
518 10
359 7
594 7
561 9
39 6
79 3
549 9
608 2
892 8
993 2
1002 5
1007 2
21 8
390 10
758 2
980 9
929 6
893 5
732 9
75 8
312 1
147 3
685 3
464 3
330 5
351 7
567 5
929 2
170 5
435 8
923 1
363 9
158 2
289 1
981 9
746 7
849 6
563 5
947 3
230 2
207 4
286 9
942 9
579 3
916 4
278 7
886 6
602 7
633 5
677 2
907 10
375 2
416 9
817 5
993 2
537 5
785 1
1015 1
294 2
361 1
160 8
682 4
892 2
38 4
318 9
86 4
218 6
614 6
113 2
98 2
103 9
561 2
816 9
650 7
991 6
960 2
984 1
117 7
127 7
147 1
418 10
426 9
460 7
211 1
846 2
355 8
834 1
606 3
1001 8
556 8
655 2
393 7
639 9
735 6
702 4
902 10
972 10
1001 4
395 4
63 3
787 9
586 6
852 6
679 2
133 9
639 4
445 1
527 7
200 4
560 9
706 7
328 6
291 9
435 10
743 5
80 1
420 4
432 6
688 7
774 9
204 8
525 4
951 3
210 1
605 5
808 5
864 9
761 7
693 7
922 7
64 6
663 6
541 7
591 3
608 2
683 3
932 2
80 8
170 5
217 3
150 2
992 5
875 4
229 3
266 9
440 5
541 4
258 10
656 10
1003 2
707 9
734 7
988 9
314 7
254 6
418 10
438 4
797 5
958 1
77 7
110 7
268 5
701 2
395 3
586 8
882 2
926 5
929 9
115 9
151 6
526 1
432 6
47 9
623 5
19 10
113 8
300 3
486 10
680 4
603 5
543 3
761 1
218 4
576 9
377 6
289 9
462 9
707 10
1 10
944 1
87 2
203 5
576 4
308 10
640 10
831 9
978 2
458 9
781 9
183 1
613 5
653 6
856 10
965 9
609 9
138 8
84 4
971 3
826 10
861 7
743 7
224 7
889 7
981 9
165 7
452 8
862 3
64 5
509 4
215 9
274 1
517 1
37 10
34 8
756 1
93 2
240 10
507 7
164 2
39 6
563 6
790 5
966 5
986 1
541 1
663 9
5 3
98 8
108 3
215 5
412 9
412 6
570 6
353 10
767 1
669 7
131 2
555 5
639 1
95 2
681 3
138 9
292 1
699 3
73 3
83 3
280 8
479 7
451 3
608 8
889 5
475 6
613 7
423 9
8 6
278 2
273 4
316 5
409 7
90 7
1012 9
575 2
56 7
605 8
985 6
981 1
570 4
853 8
675 3
634 8
1009 2
574 4
605 4
608 9
680 2
53 6
65 2
113 2
122 10
471 4
497 5
679 3
69 6
701 9
320 9
633 4
30 6
778 1
90 3
234 6
440 8
864 9
363 6
764 4
964 6
59 8
197 7
917 8
70 10
930 8
247 3
390 7
512 7
514 4
287 2
528 1
773 4
417 8
793 7
322 7
908 8
98 5
821 5
838 8
48 3
191 9
430 10
518 3
213 3
410 3
633 3
682 4
769 7
43 7
152 9
243 10
331 8
370 6
22 5
777 9
305 5
376 2
591 10
108 6
75 9
72 2
268 4
362 4
971 2
1001 8
698 10
721 6
808 2
946 3
991 6
9 7
336 4
389 5
291 3
199 7
143 2
393 4
487 9
873 7
286 8
963 7
573 9
581 10
644 7
806 7
140 5
775 2
928 3
13 4
101 3
437 6
810 8
319 4
980 2
37 3
311 8
416 2
681 6
1004 7
395 4
373 7
758 4
423 8
584 8
708 3
770 9
913 3
320 3
405 7
715 1
756 8
14 9
590 6
909 9
330 3
905 4
530 5
578 2
691 6
310 2
623 8
503 8
956 1
13 8
623 6
65 7
442 9
687 10
881 9
902 8
202 9
983 1
369 7
685 1
757 5
1011 10
1018 5
30 10
374 9
398 5
89 4
452 1
353 4
772 8
124 2
507 9
965 5
641 5
950 8
171 7
487 9
500 2
757 7
172 2
306 2
967 8
342 9
449 5
194 2
184 4
493 5
527 6
771 6
27 1
453 10
835 8
662 9
670 6
902 5
191 5
854 7
623 7
333 2
893 9
430 5
287 7
777 3
841 8
928 1
346 4
18 8
108 2
977 3
912 6
756 3
779 4
983 7
55 2
356 6
425 7
490 5
151 9
40 5
749 8
74 1
219 10
251 1
279 8
669 9
886 3
445 1
587 10
740 5
794 1
30 4
235 2
806 1
354 5
385 7
529 6
535 4
860 1
825 5
131 10
877 1
264 8
26 6
843 9
607 3
784 10
6 10
87 7
923 10
796 1
609 7
549 9
670 3
229 5
886 6
536 4
72 9
642 5
351 4
281 6
534 2
392 2
261 5
519 9
521 4
586 4
900 1
763 7
842 2
857 7
1019 6
346 1
973 7
295 2
981 1
555 2
196 2
64 3
267 1
722 8
107 4
214 9
447 7
495 3
246 3
638 6
930 1
74 2
798 2
814 7
179 7
484 5
698 8
1006 2
387 4
638 8
585 10
208 3
478 3
549 10
207 3
694 7
106 1
411 2
153 1
807 6
615 4
187 4
768 6
415 3
462 2
168 8
707 9
918 10
217 6
428 4
89 4
339 10
553 8
327 6
792 8
862 9
829 1
580 10
254 6
974 5
402 10
506 6
516 8
576 4
590 2
377 1
853 1
1020 6
190 8
346 1
568 10
473 3
951 8
74 3
119 4
413 10
729 2
872 5
891 3
634 1
643 2
835 7
930 5
931 10
617 6
586 2
554 6
317 9
665 2
919 3
941 10
112 8
512 3
545 10
834 6
640 6
933 7
12 4
172 3
315 6
339 5
969 5
482 8
763 5
10 6
178 7
469 5
200 7
147 7
84 4
487 7
970 1
872 9
603 7
766 1
269 4
463 1
4 8
36 3
193 7
927 7
148 7
313 9
137 10
604 6
645 10
672 2
678 2
782 5
21 5
83 10
191 4
287 2
421 10
732 1
232 8
680 9
24 6
284 6
78 6
483 7
647 6
678 9
27 4
105 1
975 3
148 10
456 9
739 6
859 3
57 5
184 8
601 9
601 9
274 8
352 6
670 6
871 8
962 4
325 10
356 4
496 7
308 6
1 6
798 1
603 1
823 4
435 5
450 5
518 5
602 1
594 7
878 7
13 8
249 1
597 6
454 7
150 5
74 5
831 7
943 5
66 6
510 5
535 8
14 6
91 6
536 4
657 6
762 4
374 8
503 3
265 3
744 3
332 4
243 9
278 7
928 2
152 7
571 3
261 3
811 10
820 2
512 2
532 8
487 2
653 1
2 4
536 9
912 5
34 1
109 1
306 8
523 9
573 7
725 9
816 6
642 3
659 6
915 7
127 3
470 2
452 9
276 6
83 1
792 7
666 2
712 1
473 6
810 4
389 9
235 2
1002 7
443 6
902 8
872 10
474 5
522 5
533 7
347 10
439 3
244 10
640 4
117 8
221 8
228 7
482 6
500 6
320 6
846 8
409 5
208 8
976 10
134 8
582 4
864 8
713 10
691 8
57 3
254 9
682 8
420 8
775 10
589 6
964 3
451 2
218 8
764 8
148 1
315 7
345 2
437 5
786 2
621 8
88 10
831 1
106 5
991 10
659 6
807 3
1018 7
231 7
58 6
469 3
35 8
310 1
479 4
618 8
960 10
329 4
989 6
151 5
654 3
951 9
299 9
556 8
557 6
99 4
564 7
517 5
762 1
239 1
361 3
350 6
12 2
916 4
948 5
232 5
102 4
699 6
1022 4
186 1
946 4
985 2
327 3
217 8
803 5
46 2
171 10
253 9
355 9
15 9
739 6
644 1
764 1
277 5
388 2
481 5
151 5
865 5
675 3
230 2
116 6
116 4
389 6
368 1
271 1
885 5
798 2
881 2
752 8
968 7
109 10
423 6
714 6
374 6
130 3
974 9
68 10
379 7
338 5
891 2
496 5
538 4
543 3
155 10
196 7
836 3
61 1
536 8
588 1
370 1
680 1
1015 10
41 4
298 9
270 9
646 7
319 3
691 5
299 10
807 7
639 4
900 10
935 2
951 1
652 7
312 1
52 8
579 6
580 8
297 3
380 8
117 1
650 4
791 4
857 5
1015 7
456 10
504 9
507 4
636 4
530 1
1001 2
682 1
808 8
230 6
287 10
447 7
521 10
591 6
613 4
998 3
144 3
773 10
926 9
560 5
183 4
373 8
789 7
45 3
481 1
574 5
239 9
609 3
226 5
940 7
958 4
990 8
195 7
588 2
74 10
991 6
627 1
549 7
33 9
20 4
223 9
300 1
597 10
248 5
883 9
706 8
74 9
635 7
192 10
448 8
834 8
304 5
113 8
1019 6
599 6
115 5
336 3
421 7
987 8
440 8
914 8
482 4
143 6
303 3
122 9
93 5
352 1
413 4
501 7
638 4
382 8
247 9
665 2
375 7
3 1
637 7
722 1
465 2
715 6
654 8
522 6
608 1
295 10
392 1
963 4
682 1
825 4
921 3
989 6
408 6
622 3
652 8
916 3
285 7
674 10
804 1
861 9
163 10
341 7
449 8
503 2
805 5
44 6
514 10
967 6
69 2
284 2
664 7
910 7
258 9
278 4
605 6
701 10
244 1
798 8
460 10
830 2
377 4
2 3
871 3
323 6
353 2
619 6
412 7
609 6
660 10
869 5
952 3
150 5
696 5
115 6
659 10
983 10
80 2
189 6
133 3
156 2
374 2
932 10
673 3
2 9
249 2
563 9
270 3
386 4
512 6
390 1
528 9
175 6
290 8
359 2
415 2
656 7
169 4
246 5
109 9
831 7
127 6
332 8
334 6
379 1
428 10
651 2
590 2
311 8
802 8
941 8
748 4
883 4
109 5
266 2
386 1
157 1
610 2
800 4
458 8
790 7
912 7
128 5
676 8
6 5
73 3
166 2
391 8
530 7
568 9
117 8
887 7
850 5
401 1
407 9
463 10
573 3
601 6
393 9
563 6
700 3
458 10
892 9
237 8
257 5
859 10
239 10
396 8
909 6
597 2
768 1
221 10
661 3
923 1
706 10
453 4
654 10
216 7
452 1
36 1
536 3
628 3
894 4
807 1
933 8
730 7
667 8
804 3
158 2
973 9
242 3
496 2
1011 6
840 9
980 7
198 7
483 3
599 9
597 2
373 2
537 3
506 2
336 6
29 7
190 7
80 9
472 2
518 4
153 2
598 9
634 1
536 2
822 1
899 5
939 4
157 1
531 3
552 6
693 1
197 10
1012 7
1019 4
459 5
498 4
616 8
639 1
653 1
543 4
76 9
873 5
260 6
512 3
241 1
98 2
684 8
48 8
88 2
247 2
380 4
683 8
449 2
180 1
558 1
89 3
489 3
824 7
333 10
758 9
1007 4
293 8
557 10
482 8
711 3
837 8
8 1
509 7
890 3
86 8
295 2
942 7
55 2
785 4
253 1
727 10
78 10
404 1
732 4
443 6
166 2
2 10
291 9
636 5
615 8
177 5
555 6
969 6
295 10
233 4
990 10
718 10
818 6
313 8
511 7
681 1
848 7
811 2
962 2
845 1
945 1
968 5
283 4
467 2
581 7
987 9
37 8
55 7
153 5
246 1
830 9
332 1
414 1
435 5
660 5
4 2
72 2
227 7
850 10
183 7
71 6
407 5
546 10
580 8
709 9
437 10
879 3
983 5
59 10
318 8
340 1
625 6
921 4
377 3
531 3
733 1
826 10
853 3
60 7
732 7
891 8
137 2
670 3
923 8
39 4
516 2
657 10
99 3
537 9
277 2
413 6
504 4
233 4
66 10
848 8
920 3
759 9
733 6
861 6
718 10
249 3
800 5
223 2
430 9
1010 10
87 4
424 8
673 10
645 8
507 7
416 7
449 1
863 6
965 8
997 10
341 2
423 8
520 10
583 9
744 9
514 9
166 9
254 2
798 10
922 1
54 1
115 7
968 6
553 3
453 1
698 9
725 3
717 4
149 7
279 9
224 1
1 9
947 3
687 3
240 10
298 6
481 8
716 5
809 3
983 10
848 1
610 1
771 6
790 4
799 8
423 5
615 10
157 2
879 1
460 9
135 8
968 3
630 6
791 8
979 9
466 9
554 1
652 6
346 6
313 9
711 5
55 5
375 10
475 6
709 4
177 5
158 9
977 6
66 5
184 1
420 2
438 9
692 10
961 5
195 4
704 10
25 6
252 2
279 5
136 6
18 1
846 2
79 4
298 1
173 3
379 3
166 10
173 3
282 8
53 10
133 4
546 6
147 9
119 3
652 1
970 10
26 7
578 8
11 2
887 8
274 9
743 7
13 4
207 4
913 4
292 7
771 2
858 9
1006 2
27 1
218 5
609 9
709 3
323 8
916 1
941 7
739 7
813 9
910 1
996 2
803 8
428 1
792 2
885 8
970 3
35 8
689 10
791 6
758 6
18 4
67 2
344 1
802 6
461 8
588 2
374 7
917 8
1017 2
744 3
806 9
5 8
173 2
293 7
390 4
437 10
675 7
747 10
233 6
8 1
73 2
854 6
334 2
598 1
690 4
700 7
488 9
969 9
774 10
802 5
807 8
965 2
369 9
457 2
704 6
699 1
146 3
373 4
741 2
834 2
850 5
485 8
787 2
514 7
504 6
251 3
252 6
355 5
390 6
814 7
987 10
987 6
419 9
909 9
195 9
942 9
33 1
988 4
968 6
302 10
304 7
426 7
627 6
960 4
600 6
725 7
866 2
889 4
952 8
568 5
377 10
123 7
449 3
817 4
1004 3
194 10
199 7
327 7
779 7
907 10
733 2
802 10
78 2
49 5
924 3
459 9
888 2
143 5
272 9
309 3
468 4
508 5
524 7
723 7
791 4
606 3
707 9
729 3
478 1
788 8
855 3
111 5
310 1
316 10
98 10
428 2
150 4
897 5
787 7
812 2
42 1
58 8
290 2
411 9
493 7
819 1
476 8
186 6
203 4
217 10
400 8
730 10
996 9
933 9
1017 5
137 8
984 3
255 3
406 7
177 7
665 4
759 4
567 8
93 5
34 6
22 3
100 1
878 6
772 1
8 5
24 2
128 3
399 2
1011 9
347 7
129 7
779 8
959 6
91 5
630 8
64 4
339 10
945 1
797 3
993 6
4 1
61 2
34 5
38 5
289 8
19 1
120 2
831 4
943 8
761 5
190 5
145 4
976 3
302 10
485 3
554 8
566 3
526 1
788 1
7 10
44 4
316 4
561 7
168 10
558 5
44 9
488 2
553 4
686 9
407 5
245 7
727 6
812 4
703 9
748 4
210 3
795 5
791 9
779 4
240 9
954 3
416 5
511 7
518 1
754 5
389 8
60 5
184 5
108 10
605 4
623 1
844 8
879 3
123 3
382 4
576 7
592 5
397 2
617 8
477 7
280 7
539 4
627 1
859 3
280 9
296 6
353 8
885 1
343 5
960 8
209 7
594 1
447 7
398 4
933 7
1020 7
529 1
276 2
227 8
368 6
582 6
970 10
672 1
34 5
816 6
879 8
908 4
543 7
383 1
40 4
73 3
833 1
424 4
553 9
177 9
276 8
1018 7
826 10
906 3
302 8
563 6
724 2
712 6
262 3
207 8
382 2
438 5
750 1
992 6
267 10
559 8
977 6
541 4
640 10
842 10
34 4
165 3
509 9
108 8
46 8
190 5
732 10
550 2
616 10
253 5
998 2
151 2
6 4
966 2
544 9
565 3
310 5
853 9
903 3
43 8
308 9
538 1
191 4
447 6
277 3
741 7
760 4
222 9
751 8
123 3
566 4
967 8
25 8
785 2
258 3
336 9
8 5
876 4
522 9
142 6
989 4
436 1
886 6
47 6
597 5
407 1
5 8
229 7
21 5
438 4
953 4
142 1
275 4
278 4
571 10
51 4
352 7
689 4
780 2
497 1
434 6
19 3
788 8
455 5
618 2
78 7
254 5
384 2
469 2
505 9
734 2
745 7
53 3
304 10
155 1
154 9
744 8
785 8
756 1
927 5
902 9
152 7
939 2
70 7
425 8
641 7
372 1
110 5
296 1
528 5
667 7
712 4
1 7
305 2
926 7
37 4
454 4
714 8
727 6
743 4
760 9
77 7
638 4
870 6
33 8
174 2
361 1
610 7
478 1
726 2
405 2
584 8
85 2
371 10
542 7
168 1
342 8
111 10
348 2
353 4
411 9
75 6
1021 3
568 1
759 5
271 4
198 3
989 10
389 1
573 1
304 4
337 7
880 6
958 4
94 1
99 1
101 7
125 1
980 3
75 8
515 5
752 3
90 2
301 8
602 1
629 2
707 10
867 1
579 2
657 8
62 10
251 2
404 10
712 8
137 1
100 6
818 5
967 3
705 5
666 4
67 8
130 8
20 10
82 10
268 5
1023 5
665 8
741 10
732 5
728 6
99 9
626 5
726 8
467 7
261 6
394 9
676 3
861 4
654 1
807 3
1003 8
944 7
984 7
100 8
114 10
420 8
655 5
854 3
853 9
911 5
927 2
206 10
169 6
729 9
569 1
549 7
839 8
961 1
1012 10
255 9
307 6
324 8
433 10
582 6
636 7
675 1
804 3
133 9
53 2
619 3
732 8
14 6
97 9
112 6
132 5
510 5
377 3
546 2
639 8
133 10
711 3
98 4
957 7
316 6
828 1
12 10
551 8
611 4
124 2
817 6
205 9
266 9
445 4
693 2
420 7
50 8
607 10
137 6
318 5
745 2
758 4
201 6
218 5
725 9
736 7
579 7
233 9
1000 2
115 6
135 9
18 2
471 4
956 7
74 1
238 8
501 9
609 6
851 6
768 6
305 10
442 6
497 5
810 6
295 10
740 4
125 4
133 3
799 5
692 6
1012 5
176 3
274 4
746 1
943 2
885 3
141 3
867 9
312 6
338 7
449 2
607 2
241 8
997 5
542 5
76 3
958 4
467 2
680 1
907 2
454 4
394 4
477 1
443 8
8 5
602 4
448 8
1023 1
48 6
100 8
685 7
134 1
876 3
937 4
50 10
159 10
63 8
653 4
570 5
842 8
244 1
699 10
770 10
523 10
246 2
72 6
322 3
485 7
885 5
915 10
119 5
347 2
809 1
394 7
876 5
931 10
585 1
855 1
915 10
342 6
658 2
695 9
898 10
98 9
474 10
373 2
754 4
664 7
604 7
618 1
521 9
874 10
1016 2
448 5
871 8
969 8
317 6
451 9
967 5
769 1
86 1
1001 4
256 1
503 1
591 6
646 8
408 3
733 2
879 4
189 6
563 8
588 7
345 4
633 3
410 2
343 7
938 5
941 6
687 8
388 10
334 6
876 7
872 1
69 2
962 1
267 6
542 8
477 2
874 7
925 2
1012 9
939 6
806 8
845 3
403 8
439 3
677 9
272 6
403 9
475 3
966 5
261 1
565 8
107 7
271 6
1012 8
142 7
773 10
825 8
353 2
576 2
974 9
200 4
434 2
571 9
398 7
207 7
953 7
45 7
467 3
109 3
361 9
762 8
858 6
140 4
355 5
839 3
484 8
693 1
92 7
614 8
719 2
172 9
119 4
502 2
226 9
268 8
107 7
979 9
898 8
45 8
693 7
712 1
941 1
343 2
702 8
220 1
493 6
355 10
426 5
3 4
949 3
30 6
162 4
168 2
697 10
95 8
733 5
669 5
43 4
931 1
816 6
233 4
248 6
506 6
947 2
907 6
148 7
805 9
586 1
535 8
699 3
777 9
875 2
1021 10
379 8
391 2
564 7
731 6
805 3
341 3
429 2
311 2
994 3
829 1
135 1
744 3
197 8
283 4
522 10
330 10
371 10
576 7
638 5
41 1
178 10
234 4
844 6
724 9
671 10
764 3
600 3
111 3
328 10
464 7
570 1
75 8
428 6
106 4
454 9
704 6
804 4
523 7
455 1
654 9
172 7
952 3
32 3
525 3
171 1
584 9
67 3
347 9
445 1
706 6
455 8
511 9
539 9
615 8
208 8
329 10
976 9
240 8
628 5
890 1
176 6
394 5
9 4
154 10
257 2
340 5
166 1
739 2
215 3
289 2
798 1
414 3
819 9
349 5
455 9
400 2
82 5
121 5
288 2
1016 7
659 5
288 9
1010 10
198 6
413 6
791 6
60 9
255 5
296 5
323 7
832 8
601 8
243 6
658 3
921 5
144 1
423 7
588 5
594 9
612 10
316 4
378 2
837 1
473 6
549 7
682 5
234 3
108 7
169 7
68 9
838 7
831 10
239 4
255 3
364 5
179 2
479 1
513 4
853 2
228 1
385 8
824 3
837 7
780 4
828 5
89 2
571 1
172 2
130 9
408 7
982 7
136 5
276 8
603 7
750 6
916 4
108 8
1004 1
322 3
713 1
834 4
698 3
762 3
768 8
360 2
796 6
269 10
962 10
381 7
629 2
557 9
166 9
516 2
320 10
249 9
645 9
919 1
44 2
188 4
665 4
178 3
9 2
430 9
629 5
765 1
819 3
827 5
969 1
950 10
726 8
940 9
449 5
568 3
574 6
383 1
495 6
262 5
781 6
179 4
669 7
723 8
119 7
1009 3
907 5
117 6
168 4
172 1
201 7
378 3
345 4
149 6
742 2
49 8
532 5
739 4
473 2
524 7
148 6
228 3
237 2
688 3
865 1
281 5
982 9
588 3
700 8
204 10
632 2
77 8
671 9
354 2
498 2
487 8
485 4
488 5
565 9
409 1
243 5
911 6
204 2
360 8
480 6
675 4
187 8
236 7
462 8
955 10
91 9
158 5
49 3
1019 8
365 9
45 5
439 5
245 3
914 3
215 9
745 5
466 8
460 6
919 2
173 7
830 10
245 4
847 8
84 6
128 7
910 5
918 8
8 2
29 5
50 9
680 5
953 4
111 2
576 1
370 8
337 2
271 5
636 10
85 7
445 7
455 3
426 8
243 2
394 3
358 2
564 5
612 8
788 9
54 9
504 10
557 8
4 8
143 8
161 3
22 4
403 5
777 3
994 3
1003 3
62 10
232 3
338 10
220 5
413 2
450 9
161 4
311 2
555 4
149 1
292 2
454 9
205 7
154 10
770 3
298 3
958 4
457 5
741 10
822 2
852 6
364 10
887 5
496 10
42 7
206 8
542 8
768 4
273 9
432 3
672 6
737 9
45 8
554 9
213 9
483 8
726 1
656 7
75 9
898 5
140 2
916 10
805 5
197 7
1012 4
893 6
943 4
265 2
566 6
667 7
383 5
608 5
58 9
120 1
256 1
724 4
300 8
252 6
553 3
118 4
140 8
429 7
896 3
648 8
55 5
214 8
97 4
147 7
231 9
827 10
829 10
473 2
609 7
936 3
118 9
330 1
377 6
495 4
624 4
654 3
725 1
878 4
370 1
910 10
356 1
938 1
928 9
302 1
540 8
729 8
9 8
305 10
993 5
962 7
583 10
242 3
898 8
883 1
945 9
590 3
897 2
703 3
233 8
53 6
699 4
871 5
653 3
357 10
988 10
88 3
387 3
456 1
707 1
511 7
446 7
14 1
572 10
673 1
45 5
700 8
491 1
33 3
203 2
397 10
742 3
939 10
340 1
277 9
838 2
245 7
236 6
2 5
29 3
790 7
983 9
516 5
640 9
181 9
991 2
158 10
299 3
302 10
335 9
596 7
788 5
271 10
805 2
930 7
980 7
256 3
607 2
550 3
916 9
565 1
994 10
67 8
86 5
488 6
490 2
998 1
516 9
366 7
579 1
589 5
927 7
255 2
540 8
284 1
589 10
850 1
828 10
394 2
57 1
275 3
394 1
429 2
661 10
512 2
295 10
450 4
675 8
747 9
591 7
766 7
257 7
16 3
973 7
6 1
318 8
636 2
394 8
393 2
44 10
305 2
450 6
415 4
915 3
824 4
234 5
151 5
916 1
1 5
836 5
958 6
253 5
293 3
839 6
924 10
788 2
680 4
885 9
253 4
642 7
271 2
665 8
725 7
848 1
836 6
590 10
688 7
737 9
90 10
494 9
485 4
754 8
819 2
402 7
911 4
604 5
72 7
957 5
123 1
222 2
434 6
11 2
520 1
421 7
804 7
752 1
919 9
162 10
693 1
241 9
367 7
233 8
546 3
332 4
625 4
51 6
6 1
380 1
852 2
710 3
417 9
2 5
493 3
196 7
624 5
368 5
127 5
20 5
192 2
282 6
849 3
560 8
885 10
968 9
464 8
376 1
453 6
587 8
622 9
636 1
509 3
1005 7
18 5
189 5
861 3
739 8
659 3
899 4
783 4
843 7
1000 4
134 7
17 4
235 5
371 3
244 1
760 3
141 9
455 8
1018 5
894 10
309 4
273 2
556 1
10 5
815 7
982 5
277 3
448 6
809 7
943 5
279 4
976 4
254 1
906 4
938 6
515 1
821 4
642 4
796 4
68 8
751 6
982 1
221 5
470 10
621 10
739 4
501 2
129 6
285 3
765 8
1001 9
156 6
248 3
718 5
439 1
806 1
292 3
439 2
36 8
262 10
693 2
838 1
880 10
918 7
601 4
343 6
110 5
385 1
549 7
653 4
130 8
977 7
40 1
245 7
617 3
265 6
383 3
539 6
336 9
560 5
522 9
732 2
706 8
22 1
182 2
183 8
260 4
528 5
777 2
840 5
437 1
184 7
562 8
656 6
833 5
162 4
779 8
799 3
177 3
630 7
708 6
714 3
738 6
950 9
975 3
693 5
66 4
592 5
732 9
832 8
885 1
54 6
691 6
479 2
594 1
722 10
768 10
34 7
726 3
453 1
149 2
996 6
523 3
546 2
281 8
381 9
110 6
129 5
3 2
178 3
278 2
361 3
504 10
53 7
139 1
145 4
577 7
934 7
116 6
676 9
464 4
292 10
842 9
631 9
585 5
600 3
968 3
336 1
54 1
114 1
384 7
401 6
460 8
755 3
864 9
988 5
39 6
957 4
614 10
158 6
420 10
566 3
963 7
355 3
772 6
717 6
412 5
11 10
361 5
364 3
521 2
6 3
130 10
155 2
847 9
714 9
392 2
76 5
488 9
551 2
677 7
797 3
927 7
278 4
51 3
492 9
535 1
577 1
524 9
480 1
18 8
250 3
304 9
890 9
10 1
959 1
956 5
877 7
1016 6
558 1
712 10
926 9
698 5
660 10
566 7
367 10
174 10
747 3
501 1
1011 8
804 7
999 4
535 6
376 3
625 2
426 8
274 3
528 1
413 6
36 9
202 4
309 1
648 8
61 6
736 10
736 6
694 9
995 1
6 3
241 6
351 6
738 4
976 5
514 9
921 10
781 4
621 6
795 10
653 6
76 3
188 6
201 3
692 10
642 8
451 3
501 6
547 6
619 10
375 7
926 2
643 6
28 6
282 4
388 10
513 5
772 6
271 6
63 6
352 1
450 6
497 2
487 2
292 4
752 6
917 5
49 6
163 10
854 3
903 3
928 10
218 9
278 2
32 6
987 1
1008 6
208 9
726 2
747 9
970 6
233 5
1003 6
276 9
424 2
820 5
209 1
706 10
640 3
776 2
929 1
180 6
443 10
295 10
288 1
984 4
322 3
953 4
814 2
172 9
159 3
503 8
546 8
639 2
960 9
833 4
504 4
331 7
612 7
238 8
255 1
487 5
370 7
514 2
804 8
903 3
996 6
21 1
552 7
740 3
878 1
136 8
951 7
119 2
297 3
580 2
365 7
724 2
1009 8
129 9
140 4
167 9
241 5
325 3
686 4
152 3
276 3
487 2
182 5
15 6
90 3
377 8
454 6
995 6
199 2
359 2
430 4
484 7
536 2
887 3
106 1
120 1
82 7
1006 8
705 10
423 3
869 10
102 7
207 5
677 6
751 9
984 8
440 9
558 10
117 5
152 10
284 6
534 9
681 7
841 8
911 4
408 1
806 10
818 5
838 9
123 6
428 9
354 4
311 4
67 2
249 5
465 8
31 6
186 4
146 4
364 7
634 10
497 1
264 5
638 7
30 8
335 6
869 7
831 2
161 4
982 6
729 2
747 5
260 1
210 6
137 4
335 1
770 7
955 5
254 3
558 5
619 7
103 9
647 6
895 8
576 6
681 4
766 7
467 1
586 6
444 7
794 3
304 9
416 9
456 7
853 10
318 1
625 4
26 3
113 5
278 4
163 4
76 5
308 3
801 5
823 1
449 3
348 10
